Rating Distribution
1.0 	#= 80 	%= 6.56275635767
2.0 	#= 62 	%= 5.08613617719
3.0 	#= 96 	%= 7.8753076292
4.0 	#= 224 	%= 18.3757178015
5.0 	#= 752 	%= 61.6899097621

By-Rating Analysis
( 1.0 )
# Correct Title      Polarizations:  23 	28.75 %
# Correct Text       Polarizations:  45 	56.25 %
# Correct Title/Text Polarizations:  16 	20.0 %
# Correct w.r.t. SO  Polarizations:  47 	58.75 %
Minimum Semantic Orientation      :  -4.10800522164
Maximum Semantic Orientation      :  4.32499847078
Average Semantic Orientation      :  -0.11806191259
Percantage of Good Ratings        :  56.25 %


( 2.0 )
# Correct Title      Polarizations:  20 	32.2580645161 %
# Correct Text       Polarizations:  28 	45.1612903226 %
# Correct Title/Text Polarizations:  11 	17.7419354839 %
# Correct w.r.t. SO  Polarizations:  34 	54.8387096774 %
Minimum Semantic Orientation      :  -7.89135107031
Maximum Semantic Orientation      :  0.85747362778
Average Semantic Orientation      :  -0.646424002864
Percantage of Good Ratings        :  45.1612903226 %


( 3.0 )
# Correct Title      Polarizations:  63 	65.625 %
# Correct Text       Polarizations:  55 	57.2916666667 %
# Correct Title/Text Polarizations:  39 	40.625 %
# Correct w.r.t. SO  Polarizations:  54 	56.25 %
Minimum Semantic Orientation      :  -5.30069117426
Maximum Semantic Orientation      :  1.82577891005
Average Semantic Orientation      :  -0.183704238283
Percantage of Good Ratings        :  4.16666666667 %


( 4.0 )
# Correct Title      Polarizations:  150 	66.9642857143 %
# Correct Text       Polarizations:  147 	65.625 %
# Correct Title/Text Polarizations:  91 	40.625 %
# Correct w.r.t. SO  Polarizations:  114 	50.8928571429 %
Minimum Semantic Orientation      :  -4.81854773522
Maximum Semantic Orientation      :  7.18992078279
Average Semantic Orientation      :  0.130427122314
Percantage of Good Ratings        :  65.625 %


( 5.0 )
# Correct Title      Polarizations:  570 	75.7978723404 %
# Correct Text       Polarizations:  509 	67.6861702128 %
# Correct Title/Text Polarizations:  400 	53.1914893617 %
# Correct w.r.t. SO  Polarizations:  493 	65.5585106383 %
Minimum Semantic Orientation      :  -8.19453865845
Maximum Semantic Orientation      :  9.47057572679
Average Semantic Orientation      :  0.114342450064
Percantage of Good Ratings        :  67.6861702128 %


Calculated Star Rating Success%: 60.1312551272

index 	old *-val 	new *-val 	delta
0 	2.0 	5.0 	-3.0
1 	1.0 	1.0 	0.0
2 	5.0 	1.0 	4.0
3 	2.0 	5.0 	-3.0
4 	1.0 	1.0 	0.0
5 	5.0 	1.0 	4.0
6 	5.0 	1.0 	4.0
7 	5.0 	5.0 	0.0
8 	5.0 	5.0 	0.0
9 	5.0 	5.0 	0.0
10 	1.0 	1.0 	0.0
11 	1.0 	1.0 	0.0
12 	5.0 	5.0 	0.0
13 	5.0 	5.0 	0.0
14 	5.0 	5.0 	0.0
15 	5.0 	5.0 	0.0
16 	5.0 	5.0 	0.0
17 	5.0 	5.0 	0.0
18 	5.0 	5.0 	0.0
19 	3.0 	5.0 	-2.0
20 	4.0 	1.0 	3.0
21 	5.0 	1.0 	4.0
22 	2.0 	1.0 	1.0
23 	3.0 	5.0 	-2.0
24 	5.0 	5.0 	0.0
25 	5.0 	5.0 	0.0
26 	3.0 	1.0 	2.0
27 	5.0 	5.0 	0.0
28 	5.0 	5.0 	0.0
29 	5.0 	1.0 	4.0
30 	5.0 	5.0 	0.0
31 	5.0 	5.0 	0.0
32 	5.0 	5.0 	0.0
33 	5.0 	5.0 	0.0
34 	1.0 	1.0 	0.0
35 	4.0 	5.0 	-1.0
36 	5.0 	5.0 	0.0
37 	5.0 	5.0 	0.0
38 	5.0 	5.0 	0.0
39 	5.0 	1.0 	4.0
40 	5.0 	5.0 	0.0
41 	2.0 	1.0 	1.0
42 	5.0 	5.0 	0.0
43 	5.0 	1.0 	4.0
44 	5.0 	5.0 	0.0
45 	4.0 	5.0 	-1.0
46 	1.0 	5.0 	-4.0
47 	5.0 	5.0 	0.0
48 	5.0 	5.0 	0.0
49 	5.0 	5.0 	0.0
50 	5.0 	5.0 	0.0
51 	3.0 	2.0 	1.0
52 	5.0 	5.0 	0.0
53 	5.0 	5.0 	0.0
54 	5.0 	5.0 	0.0
55 	1.0 	1.0 	0.0
56 	1.0 	5.0 	-4.0
57 	5.0 	1.0 	4.0
58 	5.0 	1.0 	4.0
59 	1.0 	1.0 	0.0
60 	1.0 	1.0 	0.0
61 	5.0 	5.0 	0.0
62 	1.0 	1.0 	0.0
63 	5.0 	5.0 	0.0
64 	1.0 	1.0 	0.0
65 	1.0 	1.0 	0.0
66 	5.0 	5.0 	0.0
67 	4.0 	1.0 	3.0
68 	5.0 	1.0 	4.0
69 	3.0 	1.0 	2.0
70 	5.0 	5.0 	0.0
71 	2.0 	1.0 	1.0
72 	5.0 	5.0 	0.0
73 	1.0 	1.0 	0.0
74 	5.0 	5.0 	0.0
75 	5.0 	5.0 	0.0
76 	2.0 	5.0 	-3.0
77 	5.0 	5.0 	0.0
78 	5.0 	5.0 	0.0
79 	3.0 	1.0 	2.0
80 	5.0 	1.0 	4.0
81 	4.0 	5.0 	-1.0
82 	5.0 	5.0 	0.0
83 	5.0 	1.0 	4.0
84 	5.0 	5.0 	0.0
85 	5.0 	5.0 	0.0
86 	5.0 	5.0 	0.0
87 	5.0 	5.0 	0.0
88 	3.0 	5.0 	-2.0
89 	5.0 	1.0 	4.0
90 	5.0 	5.0 	0.0
91 	2.0 	5.0 	-3.0
92 	5.0 	5.0 	0.0
93 	5.0 	5.0 	0.0
94 	5.0 	5.0 	0.0
95 	2.0 	5.0 	-3.0
96 	1.0 	5.0 	-4.0
97 	1.0 	1.0 	0.0
98 	5.0 	5.0 	0.0
99 	5.0 	5.0 	0.0
100 	5.0 	5.0 	0.0
101 	1.0 	1.0 	0.0
102 	5.0 	5.0 	0.0
103 	5.0 	5.0 	0.0
104 	1.0 	5.0 	-4.0
105 	4.0 	1.0 	3.0
106 	3.0 	5.0 	-2.0
107 	5.0 	1.0 	4.0
108 	5.0 	1.0 	4.0
109 	5.0 	5.0 	0.0
110 	5.0 	5.0 	0.0
111 	5.0 	5.0 	0.0
112 	1.0 	5.0 	-4.0
113 	2.0 	1.0 	1.0
114 	1.0 	5.0 	-4.0
115 	1.0 	5.0 	-4.0
116 	1.0 	1.0 	0.0
117 	5.0 	5.0 	0.0
118 	1.0 	5.0 	-4.0
119 	5.0 	5.0 	0.0
120 	5.0 	1.0 	4.0
121 	4.0 	5.0 	-1.0
122 	5.0 	5.0 	0.0
123 	1.0 	5.0 	-4.0
124 	5.0 	5.0 	0.0
125 	5.0 	5.0 	0.0
126 	5.0 	5.0 	0.0
127 	5.0 	1.0 	4.0
128 	5.0 	5.0 	0.0
129 	5.0 	1.0 	4.0
130 	5.0 	5.0 	0.0
131 	5.0 	5.0 	0.0
132 	5.0 	5.0 	0.0
133 	5.0 	5.0 	0.0
134 	5.0 	1.0 	4.0
135 	3.0 	5.0 	-2.0
136 	5.0 	1.0 	4.0
137 	4.0 	5.0 	-1.0
138 	5.0 	1.0 	4.0
139 	5.0 	5.0 	0.0
140 	1.0 	5.0 	-4.0
141 	2.0 	5.0 	-3.0
142 	1.0 	5.0 	-4.0
143 	5.0 	5.0 	0.0
144 	5.0 	1.0 	4.0
145 	4.0 	5.0 	-1.0
146 	5.0 	5.0 	0.0
147 	5.0 	5.0 	0.0
148 	5.0 	5.0 	0.0
149 	5.0 	5.0 	0.0
150 	5.0 	1.0 	4.0
151 	3.0 	1.0 	2.0
152 	5.0 	5.0 	0.0
153 	5.0 	5.0 	0.0
154 	5.0 	5.0 	0.0
155 	2.0 	5.0 	-3.0
156 	5.0 	5.0 	0.0
157 	2.0 	5.0 	-3.0
158 	5.0 	5.0 	0.0
159 	5.0 	5.0 	0.0
160 	5.0 	1.0 	4.0
161 	5.0 	1.0 	4.0
162 	5.0 	5.0 	0.0
163 	2.0 	5.0 	-3.0
164 	4.0 	1.0 	3.0
165 	5.0 	1.0 	4.0
166 	1.0 	1.0 	0.0
167 	1.0 	1.0 	0.0
168 	5.0 	5.0 	0.0
169 	5.0 	5.0 	0.0
170 	5.0 	5.0 	0.0
171 	3.0 	5.0 	-2.0
172 	5.0 	5.0 	0.0
173 	5.0 	5.0 	0.0
174 	5.0 	5.0 	0.0
175 	5.0 	5.0 	0.0
176 	4.0 	5.0 	-1.0
177 	5.0 	5.0 	0.0
178 	5.0 	5.0 	0.0
179 	5.0 	5.0 	0.0
180 	5.0 	5.0 	0.0
181 	5.0 	5.0 	0.0
182 	1.0 	5.0 	-4.0
183 	5.0 	5.0 	0.0
184 	5.0 	1.0 	4.0
185 	1.0 	5.0 	-4.0
186 	3.0 	5.0 	-2.0
187 	5.0 	2.0 	3.0
188 	1.0 	1.0 	0.0
189 	5.0 	5.0 	0.0
190 	5.0 	5.0 	0.0
191 	5.0 	5.0 	0.0
192 	5.0 	5.0 	0.0
193 	5.0 	1.0 	4.0
194 	5.0 	1.0 	4.0
195 	1.0 	5.0 	-4.0
196 	2.0 	5.0 	-3.0
197 	1.0 	5.0 	-4.0
198 	5.0 	5.0 	0.0
199 	5.0 	5.0 	0.0
200 	5.0 	1.0 	4.0
201 	1.0 	1.0 	0.0
202 	5.0 	5.0 	0.0
203 	5.0 	1.0 	4.0
204 	2.0 	5.0 	-3.0
205 	1.0 	5.0 	-4.0
206 	5.0 	5.0 	0.0
207 	1.0 	5.0 	-4.0
208 	5.0 	5.0 	0.0
209 	5.0 	1.0 	4.0
210 	4.0 	1.0 	3.0
211 	5.0 	5.0 	0.0
212 	5.0 	5.0 	0.0
213 	5.0 	5.0 	0.0
214 	5.0 	5.0 	0.0
215 	5.0 	5.0 	0.0
216 	5.0 	5.0 	0.0
217 	1.0 	5.0 	-4.0
218 	5.0 	2.0 	3.0
219 	4.0 	1.0 	3.0
220 	5.0 	5.0 	0.0
221 	5.0 	1.0 	4.0
222 	5.0 	5.0 	0.0
223 	5.0 	5.0 	0.0
224 	5.0 	5.0 	0.0
225 	5.0 	1.0 	4.0
226 	5.0 	5.0 	0.0
227 	1.0 	1.0 	0.0
228 	5.0 	5.0 	0.0
229 	5.0 	5.0 	0.0
230 	1.0 	5.0 	-4.0
231 	5.0 	2.0 	3.0
232 	5.0 	5.0 	0.0
233 	1.0 	5.0 	-4.0
234 	5.0 	1.0 	4.0
235 	5.0 	5.0 	0.0
236 	5.0 	1.0 	4.0
237 	5.0 	5.0 	0.0
238 	5.0 	5.0 	0.0
239 	1.0 	1.0 	0.0
240 	5.0 	5.0 	0.0
241 	5.0 	5.0 	0.0
242 	5.0 	1.0 	4.0
243 	1.0 	1.0 	0.0
244 	5.0 	5.0 	0.0
245 	1.0 	1.0 	0.0
246 	5.0 	5.0 	0.0
247 	3.0 	5.0 	-2.0
248 	5.0 	1.0 	4.0
249 	5.0 	1.0 	4.0
250 	5.0 	5.0 	0.0
251 	5.0 	1.0 	4.0
252 	5.0 	5.0 	0.0
253 	3.0 	5.0 	-2.0
254 	5.0 	1.0 	4.0
255 	5.0 	5.0 	0.0
256 	5.0 	1.0 	4.0
257 	5.0 	1.0 	4.0
258 	5.0 	1.0 	4.0
259 	5.0 	5.0 	0.0
260 	5.0 	5.0 	0.0
261 	5.0 	5.0 	0.0
262 	5.0 	5.0 	0.0
263 	4.0 	5.0 	-1.0
264 	3.0 	5.0 	-2.0
265 	5.0 	1.0 	4.0
266 	5.0 	5.0 	0.0
267 	4.0 	5.0 	-1.0
268 	5.0 	1.0 	4.0
269 	5.0 	5.0 	0.0
270 	2.0 	1.0 	1.0
271 	5.0 	1.0 	4.0
272 	5.0 	1.0 	4.0
273 	5.0 	1.0 	4.0
274 	5.0 	1.0 	4.0
275 	5.0 	5.0 	0.0
276 	4.0 	5.0 	-1.0
277 	5.0 	5.0 	0.0
278 	2.0 	1.0 	1.0
279 	5.0 	5.0 	0.0
280 	5.0 	1.0 	4.0
281 	5.0 	5.0 	0.0
282 	5.0 	5.0 	0.0
283 	5.0 	1.0 	4.0
284 	5.0 	1.0 	4.0
285 	5.0 	5.0 	0.0
286 	4.0 	5.0 	-1.0
287 	5.0 	5.0 	0.0
288 	2.0 	1.0 	1.0
289 	5.0 	5.0 	0.0
290 	5.0 	1.0 	4.0
291 	5.0 	5.0 	0.0
292 	5.0 	5.0 	0.0
293 	5.0 	5.0 	0.0
294 	5.0 	5.0 	0.0
295 	5.0 	5.0 	0.0
296 	5.0 	5.0 	0.0
297 	4.0 	5.0 	-1.0
298 	5.0 	5.0 	0.0
299 	5.0 	5.0 	0.0
300 	5.0 	1.0 	4.0
301 	5.0 	1.0 	4.0
302 	5.0 	5.0 	0.0
303 	4.0 	5.0 	-1.0
304 	5.0 	1.0 	4.0
305 	5.0 	5.0 	0.0
306 	3.0 	1.0 	2.0
307 	5.0 	5.0 	0.0
308 	5.0 	5.0 	0.0
309 	4.0 	5.0 	-1.0
310 	5.0 	5.0 	0.0
311 	5.0 	5.0 	0.0
312 	5.0 	5.0 	0.0
313 	4.0 	5.0 	-1.0
314 	3.0 	5.0 	-2.0
315 	5.0 	1.0 	4.0
316 	5.0 	5.0 	0.0
317 	5.0 	5.0 	0.0
318 	4.0 	5.0 	-1.0
319 	1.0 	1.0 	0.0
320 	4.0 	5.0 	-1.0
321 	5.0 	5.0 	0.0
322 	5.0 	5.0 	0.0
323 	5.0 	1.0 	4.0
324 	4.0 	5.0 	-1.0
325 	3.0 	1.0 	2.0
326 	4.0 	5.0 	-1.0
327 	5.0 	1.0 	4.0
328 	1.0 	1.0 	0.0
329 	4.0 	5.0 	-1.0
330 	5.0 	5.0 	0.0
331 	5.0 	5.0 	0.0
332 	5.0 	5.0 	0.0
333 	5.0 	1.0 	4.0
334 	5.0 	5.0 	0.0
335 	5.0 	1.0 	4.0
336 	1.0 	1.0 	0.0
337 	4.0 	1.0 	3.0
338 	5.0 	5.0 	0.0
339 	5.0 	5.0 	0.0
340 	5.0 	5.0 	0.0
341 	5.0 	1.0 	4.0
342 	5.0 	5.0 	0.0
343 	4.0 	1.0 	3.0
344 	1.0 	5.0 	-4.0
345 	5.0 	5.0 	0.0
346 	5.0 	5.0 	0.0
347 	5.0 	5.0 	0.0
348 	5.0 	5.0 	0.0
349 	5.0 	1.0 	4.0
350 	5.0 	1.0 	4.0
351 	5.0 	5.0 	0.0
352 	5.0 	1.0 	4.0
353 	5.0 	5.0 	0.0
354 	5.0 	1.0 	4.0
355 	5.0 	5.0 	0.0
356 	5.0 	1.0 	4.0
357 	5.0 	1.0 	4.0
358 	5.0 	5.0 	0.0
359 	5.0 	5.0 	0.0
360 	5.0 	5.0 	0.0
361 	5.0 	5.0 	0.0
362 	1.0 	5.0 	-4.0
363 	5.0 	5.0 	0.0
364 	5.0 	1.0 	4.0
365 	5.0 	5.0 	0.0
366 	5.0 	1.0 	4.0
367 	5.0 	1.0 	4.0
368 	5.0 	5.0 	0.0
369 	5.0 	5.0 	0.0
370 	5.0 	5.0 	0.0
371 	5.0 	5.0 	0.0
372 	1.0 	5.0 	-4.0
373 	5.0 	5.0 	0.0
374 	5.0 	5.0 	0.0
375 	5.0 	5.0 	0.0
376 	5.0 	1.0 	4.0
377 	5.0 	5.0 	0.0
378 	5.0 	5.0 	0.0
379 	5.0 	5.0 	0.0
380 	5.0 	5.0 	0.0
381 	5.0 	5.0 	0.0
382 	1.0 	5.0 	-4.0
383 	5.0 	1.0 	4.0
384 	5.0 	5.0 	0.0
385 	5.0 	5.0 	0.0
386 	5.0 	1.0 	4.0
387 	5.0 	5.0 	0.0
388 	5.0 	5.0 	0.0
389 	5.0 	5.0 	0.0
390 	5.0 	5.0 	0.0
391 	5.0 	5.0 	0.0
392 	5.0 	5.0 	0.0
393 	3.0 	1.0 	2.0
394 	5.0 	1.0 	4.0
395 	5.0 	5.0 	0.0
396 	4.0 	5.0 	-1.0
397 	5.0 	5.0 	0.0
398 	5.0 	5.0 	0.0
399 	5.0 	1.0 	4.0
400 	5.0 	5.0 	0.0
401 	5.0 	1.0 	4.0
402 	5.0 	5.0 	0.0
403 	5.0 	5.0 	0.0
404 	5.0 	5.0 	0.0
405 	5.0 	1.0 	4.0
406 	3.0 	1.0 	2.0
407 	4.0 	5.0 	-1.0
408 	5.0 	5.0 	0.0
409 	5.0 	5.0 	0.0
410 	5.0 	5.0 	0.0
411 	5.0 	5.0 	0.0
412 	5.0 	1.0 	4.0
413 	5.0 	1.0 	4.0
414 	5.0 	5.0 	0.0
415 	5.0 	5.0 	0.0
416 	5.0 	5.0 	0.0
417 	5.0 	5.0 	0.0
418 	4.0 	5.0 	-1.0
419 	5.0 	5.0 	0.0
420 	5.0 	5.0 	0.0
421 	5.0 	5.0 	0.0
422 	5.0 	5.0 	0.0
423 	1.0 	5.0 	-4.0
424 	5.0 	5.0 	0.0
425 	5.0 	5.0 	0.0
426 	5.0 	5.0 	0.0
427 	5.0 	5.0 	0.0
428 	4.0 	5.0 	-1.0
429 	5.0 	5.0 	0.0
430 	5.0 	1.0 	4.0
431 	5.0 	5.0 	0.0
432 	5.0 	5.0 	0.0
433 	5.0 	5.0 	0.0
434 	5.0 	1.0 	4.0
435 	5.0 	5.0 	0.0
436 	5.0 	5.0 	0.0
437 	5.0 	5.0 	0.0
438 	5.0 	5.0 	0.0
439 	5.0 	1.0 	4.0
440 	4.0 	5.0 	-1.0
441 	5.0 	5.0 	0.0
442 	5.0 	5.0 	0.0
443 	5.0 	5.0 	0.0
444 	5.0 	5.0 	0.0
445 	5.0 	5.0 	0.0
446 	5.0 	1.0 	4.0
447 	5.0 	5.0 	0.0
448 	5.0 	5.0 	0.0
449 	5.0 	5.0 	0.0
450 	5.0 	5.0 	0.0
451 	5.0 	1.0 	4.0
452 	4.0 	5.0 	-1.0
453 	5.0 	5.0 	0.0
454 	5.0 	5.0 	0.0
455 	5.0 	5.0 	0.0
456 	5.0 	5.0 	0.0
457 	4.0 	5.0 	-1.0
458 	5.0 	1.0 	4.0
459 	5.0 	5.0 	0.0
460 	5.0 	5.0 	0.0
461 	5.0 	5.0 	0.0
462 	5.0 	5.0 	0.0
463 	5.0 	5.0 	0.0
464 	5.0 	5.0 	0.0
465 	5.0 	5.0 	0.0
466 	4.0 	5.0 	-1.0
467 	5.0 	5.0 	0.0
468 	5.0 	1.0 	4.0
469 	5.0 	5.0 	0.0
470 	5.0 	1.0 	4.0
471 	5.0 	5.0 	0.0
472 	5.0 	5.0 	0.0
473 	5.0 	5.0 	0.0
474 	4.0 	5.0 	-1.0
475 	5.0 	5.0 	0.0
476 	5.0 	1.0 	4.0
477 	5.0 	5.0 	0.0
478 	5.0 	1.0 	4.0
479 	5.0 	5.0 	0.0
480 	5.0 	5.0 	0.0
481 	5.0 	5.0 	0.0
482 	5.0 	5.0 	0.0
483 	2.0 	5.0 	-3.0
484 	5.0 	5.0 	0.0
485 	5.0 	5.0 	0.0
486 	5.0 	5.0 	0.0
487 	5.0 	5.0 	0.0
488 	5.0 	1.0 	4.0
489 	5.0 	5.0 	0.0
490 	5.0 	5.0 	0.0
491 	5.0 	5.0 	0.0
492 	5.0 	1.0 	4.0
493 	2.0 	5.0 	-3.0
494 	5.0 	5.0 	0.0
495 	5.0 	5.0 	0.0
496 	5.0 	5.0 	0.0
497 	5.0 	5.0 	0.0
498 	5.0 	5.0 	0.0
499 	5.0 	5.0 	0.0
500 	5.0 	5.0 	0.0
501 	5.0 	5.0 	0.0
502 	5.0 	1.0 	4.0
503 	5.0 	5.0 	0.0
504 	5.0 	5.0 	0.0
505 	4.0 	1.0 	3.0
506 	5.0 	5.0 	0.0
507 	5.0 	5.0 	0.0
508 	4.0 	1.0 	3.0
509 	5.0 	1.0 	4.0
510 	3.0 	5.0 	-2.0
511 	4.0 	5.0 	-1.0
512 	5.0 	1.0 	4.0
513 	1.0 	1.0 	0.0
514 	3.0 	5.0 	-2.0
515 	3.0 	5.0 	-2.0
516 	5.0 	5.0 	0.0
517 	1.0 	5.0 	-4.0
518 	4.0 	5.0 	-1.0
519 	5.0 	5.0 	0.0
520 	2.0 	5.0 	-3.0
521 	3.0 	5.0 	-2.0
522 	5.0 	5.0 	0.0
523 	3.0 	5.0 	-2.0
524 	4.0 	5.0 	-1.0
525 	1.0 	5.0 	-4.0
526 	5.0 	1.0 	4.0
527 	2.0 	1.0 	1.0
528 	3.0 	1.0 	2.0
529 	4.0 	2.0 	2.0
530 	4.0 	5.0 	-1.0
531 	4.0 	5.0 	-1.0
532 	4.0 	5.0 	-1.0
533 	5.0 	1.0 	4.0
534 	5.0 	5.0 	0.0
535 	5.0 	5.0 	0.0
536 	5.0 	5.0 	0.0
537 	5.0 	2.0 	3.0
538 	4.0 	1.0 	3.0
539 	3.0 	1.0 	2.0
540 	5.0 	5.0 	0.0
541 	4.0 	1.0 	3.0
542 	4.0 	1.0 	3.0
543 	1.0 	1.0 	0.0
544 	1.0 	1.0 	0.0
545 	5.0 	5.0 	0.0
546 	5.0 	1.0 	4.0
547 	3.0 	1.0 	2.0
548 	4.0 	5.0 	-1.0
549 	5.0 	5.0 	0.0
550 	5.0 	1.0 	4.0
551 	3.0 	5.0 	-2.0
552 	2.0 	1.0 	1.0
553 	3.0 	5.0 	-2.0
554 	5.0 	5.0 	0.0
555 	4.0 	1.0 	3.0
556 	5.0 	1.0 	4.0
557 	3.0 	5.0 	-2.0
558 	5.0 	5.0 	0.0
559 	1.0 	5.0 	-4.0
560 	5.0 	1.0 	4.0
561 	5.0 	1.0 	4.0
562 	5.0 	5.0 	0.0
563 	5.0 	1.0 	4.0
564 	5.0 	5.0 	0.0
565 	4.0 	5.0 	-1.0
566 	4.0 	1.0 	3.0
567 	5.0 	5.0 	0.0
568 	4.0 	5.0 	-1.0
569 	3.0 	5.0 	-2.0
570 	5.0 	5.0 	0.0
571 	5.0 	1.0 	4.0
572 	4.0 	5.0 	-1.0
573 	4.0 	5.0 	-1.0
574 	4.0 	5.0 	-1.0
575 	5.0 	5.0 	0.0
576 	5.0 	5.0 	0.0
577 	5.0 	1.0 	4.0
578 	3.0 	1.0 	2.0
579 	4.0 	1.0 	3.0
580 	5.0 	5.0 	0.0
581 	5.0 	5.0 	0.0
582 	5.0 	5.0 	0.0
583 	3.0 	1.0 	2.0
584 	3.0 	1.0 	2.0
585 	4.0 	1.0 	3.0
586 	5.0 	5.0 	0.0
587 	5.0 	5.0 	0.0
588 	3.0 	1.0 	2.0
589 	5.0 	5.0 	0.0
590 	4.0 	1.0 	3.0
591 	5.0 	1.0 	4.0
592 	5.0 	5.0 	0.0
593 	4.0 	5.0 	-1.0
594 	4.0 	5.0 	-1.0
595 	5.0 	5.0 	0.0
596 	4.0 	1.0 	3.0
597 	4.0 	1.0 	3.0
598 	5.0 	5.0 	0.0
599 	1.0 	5.0 	-4.0
600 	2.0 	1.0 	1.0
601 	5.0 	1.0 	4.0
602 	5.0 	5.0 	0.0
603 	5.0 	5.0 	0.0
604 	4.0 	1.0 	3.0
605 	5.0 	1.0 	4.0
606 	4.0 	1.0 	3.0
607 	2.0 	5.0 	-3.0
608 	4.0 	1.0 	3.0
609 	5.0 	5.0 	0.0
610 	3.0 	5.0 	-2.0
611 	1.0 	5.0 	-4.0
612 	5.0 	5.0 	0.0
613 	5.0 	2.0 	3.0
614 	4.0 	1.0 	3.0
615 	4.0 	5.0 	-1.0
616 	5.0 	1.0 	4.0
617 	2.0 	2.0 	0.0
618 	5.0 	1.0 	4.0
619 	3.0 	1.0 	2.0
620 	3.0 	5.0 	-2.0
621 	5.0 	5.0 	0.0
622 	5.0 	5.0 	0.0
623 	5.0 	1.0 	4.0
624 	4.0 	5.0 	-1.0
625 	5.0 	5.0 	0.0
626 	3.0 	5.0 	-2.0
627 	5.0 	5.0 	0.0
628 	4.0 	5.0 	-1.0
629 	5.0 	5.0 	0.0
630 	5.0 	5.0 	0.0
631 	5.0 	5.0 	0.0
632 	4.0 	5.0 	-1.0
633 	4.0 	1.0 	3.0
634 	5.0 	5.0 	0.0
635 	4.0 	5.0 	-1.0
636 	4.0 	5.0 	-1.0
637 	5.0 	1.0 	4.0
638 	3.0 	1.0 	2.0
639 	5.0 	5.0 	0.0
640 	5.0 	5.0 	0.0
641 	1.0 	1.0 	0.0
642 	5.0 	5.0 	0.0
643 	5.0 	5.0 	0.0
644 	2.0 	2.0 	0.0
645 	4.0 	1.0 	3.0
646 	1.0 	5.0 	-4.0
647 	5.0 	5.0 	0.0
648 	5.0 	5.0 	0.0
649 	5.0 	5.0 	0.0
650 	3.0 	5.0 	-2.0
651 	5.0 	5.0 	0.0
652 	4.0 	5.0 	-1.0
653 	3.0 	1.0 	2.0
654 	5.0 	5.0 	0.0
655 	5.0 	5.0 	0.0
656 	5.0 	1.0 	4.0
657 	4.0 	1.0 	3.0
658 	5.0 	5.0 	0.0
659 	4.0 	1.0 	3.0
660 	3.0 	5.0 	-2.0
661 	5.0 	5.0 	0.0
662 	5.0 	5.0 	0.0
663 	5.0 	5.0 	0.0
664 	4.0 	5.0 	-1.0
665 	5.0 	5.0 	0.0
666 	1.0 	5.0 	-4.0
667 	5.0 	2.0 	3.0
668 	5.0 	5.0 	0.0
669 	5.0 	1.0 	4.0
670 	5.0 	5.0 	0.0
671 	5.0 	1.0 	4.0
672 	5.0 	5.0 	0.0
673 	4.0 	1.0 	3.0
674 	2.0 	1.0 	1.0
675 	3.0 	5.0 	-2.0
676 	2.0 	5.0 	-3.0
677 	5.0 	5.0 	0.0
678 	4.0 	5.0 	-1.0
679 	2.0 	1.0 	1.0
680 	5.0 	5.0 	0.0
681 	4.0 	5.0 	-1.0
682 	2.0 	1.0 	1.0
683 	5.0 	5.0 	0.0
684 	5.0 	5.0 	0.0
685 	2.0 	1.0 	1.0
686 	5.0 	1.0 	4.0
687 	5.0 	5.0 	0.0
688 	3.0 	2.0 	1.0
689 	1.0 	1.0 	0.0
690 	5.0 	1.0 	4.0
691 	3.0 	1.0 	2.0
692 	4.0 	5.0 	-1.0
693 	1.0 	1.0 	0.0
694 	2.0 	5.0 	-3.0
695 	3.0 	5.0 	-2.0
696 	4.0 	5.0 	-1.0
697 	5.0 	5.0 	0.0
698 	5.0 	1.0 	4.0
699 	5.0 	5.0 	0.0
700 	3.0 	5.0 	-2.0
701 	4.0 	5.0 	-1.0
702 	4.0 	4.0 	0.0
703 	5.0 	1.0 	4.0
704 	3.0 	5.0 	-2.0
705 	4.0 	1.0 	3.0
706 	5.0 	5.0 	0.0
707 	4.0 	1.0 	3.0
708 	4.0 	5.0 	-1.0
709 	4.0 	1.0 	3.0
710 	4.0 	5.0 	-1.0
711 	4.0 	1.0 	3.0
712 	5.0 	5.0 	0.0
713 	5.0 	1.0 	4.0
714 	5.0 	1.0 	4.0
715 	5.0 	5.0 	0.0
716 	2.0 	1.0 	1.0
717 	5.0 	5.0 	0.0
718 	4.0 	5.0 	-1.0
719 	4.0 	5.0 	-1.0
720 	4.0 	1.0 	3.0
721 	1.0 	1.0 	0.0
722 	4.0 	1.0 	3.0
723 	5.0 	5.0 	0.0
724 	3.0 	5.0 	-2.0
725 	4.0 	5.0 	-1.0
726 	5.0 	5.0 	0.0
727 	5.0 	5.0 	0.0
728 	4.0 	5.0 	-1.0
729 	1.0 	1.0 	0.0
730 	5.0 	1.0 	4.0
731 	3.0 	5.0 	-2.0
732 	4.0 	5.0 	-1.0
733 	5.0 	1.0 	4.0
734 	5.0 	5.0 	0.0
735 	3.0 	5.0 	-2.0
736 	5.0 	5.0 	0.0
737 	4.0 	5.0 	-1.0
738 	1.0 	1.0 	0.0
739 	5.0 	1.0 	4.0
740 	3.0 	5.0 	-2.0
741 	4.0 	5.0 	-1.0
742 	5.0 	1.0 	4.0
743 	5.0 	5.0 	0.0
744 	4.0 	5.0 	-1.0
745 	5.0 	5.0 	0.0
746 	5.0 	1.0 	4.0
747 	3.0 	1.0 	2.0
748 	4.0 	5.0 	-1.0
749 	2.0 	1.0 	1.0
750 	5.0 	5.0 	0.0
751 	5.0 	1.0 	4.0
752 	3.0 	5.0 	-2.0
753 	5.0 	5.0 	0.0
754 	4.0 	5.0 	-1.0
755 	5.0 	5.0 	0.0
756 	3.0 	5.0 	-2.0
757 	5.0 	1.0 	4.0
758 	5.0 	5.0 	0.0
759 	4.0 	1.0 	3.0
760 	5.0 	1.0 	4.0
761 	3.0 	1.0 	2.0
762 	2.0 	5.0 	-3.0
763 	2.0 	1.0 	1.0
764 	3.0 	5.0 	-2.0
765 	5.0 	5.0 	0.0
766 	5.0 	1.0 	4.0
767 	3.0 	5.0 	-2.0
768 	1.0 	1.0 	0.0
769 	5.0 	5.0 	0.0
770 	5.0 	1.0 	4.0
771 	5.0 	1.0 	4.0
772 	2.0 	5.0 	-3.0
773 	5.0 	5.0 	0.0
774 	3.0 	5.0 	-2.0
775 	5.0 	5.0 	0.0
776 	5.0 	1.0 	4.0
777 	3.0 	5.0 	-2.0
778 	1.0 	1.0 	0.0
779 	5.0 	1.0 	4.0
780 	5.0 	5.0 	0.0
781 	5.0 	5.0 	0.0
782 	3.0 	5.0 	-2.0
783 	5.0 	1.0 	4.0
784 	1.0 	1.0 	0.0
785 	5.0 	5.0 	0.0
786 	5.0 	5.0 	0.0
787 	1.0 	1.0 	0.0
788 	5.0 	5.0 	0.0
789 	5.0 	1.0 	4.0
790 	4.0 	5.0 	-1.0
791 	3.0 	1.0 	2.0
792 	5.0 	1.0 	4.0
793 	4.0 	1.0 	3.0
794 	1.0 	1.0 	0.0
795 	5.0 	5.0 	0.0
796 	5.0 	5.0 	0.0
797 	1.0 	1.0 	0.0
798 	5.0 	5.0 	0.0
799 	5.0 	1.0 	4.0
800 	4.0 	5.0 	-1.0
801 	3.0 	1.0 	2.0
802 	5.0 	1.0 	4.0
803 	4.0 	1.0 	3.0
804 	1.0 	1.0 	0.0
805 	5.0 	5.0 	0.0
806 	5.0 	5.0 	0.0
807 	5.0 	1.0 	4.0
808 	4.0 	5.0 	-1.0
809 	3.0 	1.0 	2.0
810 	4.0 	1.0 	3.0
811 	1.0 	1.0 	0.0
812 	4.0 	5.0 	-1.0
813 	4.0 	1.0 	3.0
814 	2.0 	5.0 	-3.0
815 	4.0 	5.0 	-1.0
816 	5.0 	1.0 	4.0
817 	4.0 	5.0 	-1.0
818 	4.0 	1.0 	3.0
819 	4.0 	5.0 	-1.0
820 	4.0 	1.0 	3.0
821 	4.0 	1.0 	3.0
822 	4.0 	5.0 	-1.0
823 	4.0 	5.0 	-1.0
824 	4.0 	5.0 	-1.0
825 	2.0 	5.0 	-3.0
826 	4.0 	5.0 	-1.0
827 	2.0 	5.0 	-3.0
828 	4.0 	1.0 	3.0
829 	4.0 	1.0 	3.0
830 	4.0 	5.0 	-1.0
831 	4.0 	5.0 	-1.0
832 	5.0 	5.0 	0.0
833 	2.0 	5.0 	-3.0
834 	5.0 	1.0 	4.0
835 	5.0 	1.0 	4.0
836 	2.0 	5.0 	-3.0
837 	5.0 	1.0 	4.0
838 	4.0 	1.0 	3.0
839 	5.0 	5.0 	0.0
840 	3.0 	1.0 	2.0
841 	4.0 	5.0 	-1.0
842 	2.0 	2.0 	0.0
843 	2.0 	5.0 	-3.0
844 	4.0 	1.0 	3.0
845 	4.0 	1.0 	3.0
846 	4.0 	1.0 	3.0
847 	4.0 	5.0 	-1.0
848 	5.0 	5.0 	0.0
849 	2.0 	2.0 	0.0
850 	2.0 	5.0 	-3.0
851 	4.0 	5.0 	-1.0
852 	5.0 	5.0 	0.0
853 	2.0 	5.0 	-3.0
854 	5.0 	1.0 	4.0
855 	4.0 	5.0 	-1.0
856 	5.0 	5.0 	0.0
857 	2.0 	2.0 	0.0
858 	5.0 	1.0 	4.0
859 	4.0 	5.0 	-1.0
860 	5.0 	5.0 	0.0
861 	2.0 	5.0 	-3.0
862 	5.0 	5.0 	0.0
863 	5.0 	1.0 	4.0
864 	4.0 	5.0 	-1.0
865 	5.0 	5.0 	0.0
866 	5.0 	5.0 	0.0
867 	4.0 	5.0 	-1.0
868 	5.0 	5.0 	0.0
869 	5.0 	1.0 	4.0
870 	4.0 	5.0 	-1.0
871 	2.0 	5.0 	-3.0
872 	5.0 	5.0 	0.0
873 	5.0 	1.0 	4.0
874 	4.0 	5.0 	-1.0
875 	5.0 	5.0 	0.0
876 	4.0 	1.0 	3.0
877 	5.0 	1.0 	4.0
878 	2.0 	1.0 	1.0
879 	5.0 	5.0 	0.0
880 	3.0 	5.0 	-2.0
881 	5.0 	5.0 	0.0
882 	3.0 	5.0 	-2.0
883 	1.0 	5.0 	-4.0
884 	3.0 	2.0 	1.0
885 	1.0 	5.0 	-4.0
886 	5.0 	5.0 	0.0
887 	4.0 	1.0 	3.0
888 	4.0 	1.0 	3.0
889 	2.0 	1.0 	1.0
890 	3.0 	5.0 	-2.0
891 	5.0 	5.0 	0.0
892 	3.0 	5.0 	-2.0
893 	2.0 	5.0 	-3.0
894 	3.0 	2.0 	1.0
895 	1.0 	5.0 	-4.0
896 	5.0 	5.0 	0.0
897 	3.0 	5.0 	-2.0
898 	5.0 	1.0 	4.0
899 	2.0 	1.0 	1.0
900 	4.0 	1.0 	3.0
901 	4.0 	5.0 	-1.0
902 	3.0 	5.0 	-2.0
903 	5.0 	5.0 	0.0
904 	3.0 	5.0 	-2.0
905 	2.0 	5.0 	-3.0
906 	4.0 	1.0 	3.0
907 	5.0 	5.0 	0.0
908 	3.0 	5.0 	-2.0
909 	5.0 	5.0 	0.0
910 	5.0 	1.0 	4.0
911 	4.0 	1.0 	3.0
912 	4.0 	5.0 	-1.0
913 	2.0 	5.0 	-3.0
914 	3.0 	1.0 	2.0
915 	3.0 	1.0 	2.0
916 	5.0 	1.0 	4.0
917 	1.0 	1.0 	0.0
918 	4.0 	5.0 	-1.0
919 	4.0 	1.0 	3.0
920 	5.0 	5.0 	0.0
921 	5.0 	1.0 	4.0
922 	4.0 	5.0 	-1.0
923 	5.0 	1.0 	4.0
924 	3.0 	1.0 	2.0
925 	3.0 	5.0 	-2.0
926 	5.0 	1.0 	4.0
927 	4.0 	1.0 	3.0
928 	5.0 	5.0 	0.0
929 	5.0 	5.0 	0.0
930 	5.0 	5.0 	0.0
931 	3.0 	1.0 	2.0
932 	5.0 	1.0 	4.0
933 	3.0 	1.0 	2.0
934 	3.0 	5.0 	-2.0
935 	4.0 	5.0 	-1.0
936 	2.0 	1.0 	1.0
937 	4.0 	1.0 	3.0
938 	5.0 	5.0 	0.0
939 	5.0 	1.0 	4.0
940 	3.0 	5.0 	-2.0
941 	4.0 	5.0 	-1.0
942 	4.0 	5.0 	-1.0
943 	5.0 	5.0 	0.0
944 	5.0 	5.0 	0.0
945 	5.0 	5.0 	0.0
946 	5.0 	2.0 	3.0
947 	3.0 	5.0 	-2.0
948 	4.0 	5.0 	-1.0
949 	4.0 	5.0 	-1.0
950 	5.0 	5.0 	0.0
951 	5.0 	5.0 	0.0
952 	5.0 	1.0 	4.0
953 	5.0 	5.0 	0.0
954 	5.0 	5.0 	0.0
955 	3.0 	1.0 	2.0
956 	5.0 	5.0 	0.0
957 	5.0 	2.0 	3.0
958 	4.0 	5.0 	-1.0
959 	2.0 	5.0 	-3.0
960 	5.0 	5.0 	0.0
961 	5.0 	1.0 	4.0
962 	5.0 	5.0 	0.0
963 	4.0 	5.0 	-1.0
964 	3.0 	1.0 	2.0
965 	4.0 	5.0 	-1.0
966 	5.0 	5.0 	0.0
967 	5.0 	1.0 	4.0
968 	4.0 	1.0 	3.0
969 	5.0 	5.0 	0.0
970 	4.0 	5.0 	-1.0
971 	3.0 	1.0 	2.0
972 	5.0 	5.0 	0.0
973 	4.0 	5.0 	-1.0
974 	3.0 	5.0 	-2.0
975 	5.0 	5.0 	0.0
976 	4.0 	5.0 	-1.0
977 	5.0 	5.0 	0.0
978 	5.0 	5.0 	0.0
979 	5.0 	5.0 	0.0
980 	5.0 	5.0 	0.0
981 	4.0 	1.0 	3.0
982 	5.0 	1.0 	4.0
983 	5.0 	5.0 	0.0
984 	5.0 	1.0 	4.0
985 	5.0 	5.0 	0.0
986 	5.0 	5.0 	0.0
987 	5.0 	5.0 	0.0
988 	5.0 	5.0 	0.0
989 	4.0 	1.0 	3.0
990 	4.0 	1.0 	3.0
991 	5.0 	1.0 	4.0
992 	5.0 	1.0 	4.0
993 	5.0 	5.0 	0.0
994 	3.0 	5.0 	-2.0
995 	1.0 	5.0 	-4.0
996 	5.0 	5.0 	0.0
997 	5.0 	1.0 	4.0
998 	4.0 	1.0 	3.0
999 	5.0 	5.0 	0.0
1000 	5.0 	1.0 	4.0
1001 	4.0 	1.0 	3.0
1002 	5.0 	1.0 	4.0
1003 	5.0 	1.0 	4.0
1004 	5.0 	5.0 	0.0
1005 	5.0 	1.0 	4.0
1006 	5.0 	5.0 	0.0
1007 	4.0 	1.0 	3.0
1008 	4.0 	1.0 	3.0
1009 	4.0 	5.0 	-1.0
1010 	5.0 	1.0 	4.0
1011 	5.0 	5.0 	0.0
1012 	4.0 	5.0 	-1.0
1013 	5.0 	1.0 	4.0
1014 	5.0 	5.0 	0.0
1015 	5.0 	1.0 	4.0
1016 	4.0 	5.0 	-1.0
1017 	5.0 	5.0 	0.0
1018 	5.0 	1.0 	4.0
1019 	5.0 	1.0 	4.0
1020 	5.0 	2.0 	3.0
1021 	5.0 	5.0 	0.0
1022 	5.0 	5.0 	0.0
1023 	5.0 	5.0 	0.0
1024 	5.0 	5.0 	0.0
1025 	5.0 	5.0 	0.0
1026 	5.0 	1.0 	4.0
1027 	5.0 	1.0 	4.0
1028 	5.0 	5.0 	0.0
1029 	4.0 	1.0 	3.0
1030 	5.0 	1.0 	4.0
1031 	4.0 	1.0 	3.0
1032 	4.0 	5.0 	-1.0
1033 	5.0 	5.0 	0.0
1034 	5.0 	5.0 	0.0
1035 	5.0 	1.0 	4.0
1036 	4.0 	5.0 	-1.0
1037 	5.0 	5.0 	0.0
1038 	5.0 	5.0 	0.0
1039 	2.0 	1.0 	1.0
1040 	4.0 	5.0 	-1.0
1041 	5.0 	1.0 	4.0
1042 	2.0 	5.0 	-3.0
1043 	5.0 	5.0 	0.0
1044 	5.0 	5.0 	0.0
1045 	5.0 	5.0 	0.0
1046 	4.0 	5.0 	-1.0
1047 	5.0 	1.0 	4.0
1048 	5.0 	1.0 	4.0
1049 	4.0 	5.0 	-1.0
1050 	5.0 	5.0 	0.0
1051 	4.0 	5.0 	-1.0
1052 	5.0 	1.0 	4.0
1053 	5.0 	5.0 	0.0
1054 	4.0 	5.0 	-1.0
1055 	5.0 	5.0 	0.0
1056 	5.0 	5.0 	0.0
1057 	3.0 	1.0 	2.0
1058 	5.0 	5.0 	0.0
1059 	4.0 	5.0 	-1.0
1060 	5.0 	5.0 	0.0
1061 	5.0 	5.0 	0.0
1062 	5.0 	5.0 	0.0
1063 	5.0 	5.0 	0.0
1064 	5.0 	1.0 	4.0
1065 	4.0 	1.0 	3.0
1066 	4.0 	1.0 	3.0
1067 	5.0 	5.0 	0.0
1068 	5.0 	1.0 	4.0
1069 	5.0 	5.0 	0.0
1070 	5.0 	1.0 	4.0
1071 	5.0 	5.0 	0.0
1072 	4.0 	5.0 	-1.0
1073 	5.0 	1.0 	4.0
1074 	5.0 	1.0 	4.0
1075 	4.0 	1.0 	3.0
1076 	5.0 	2.0 	3.0
1077 	5.0 	5.0 	0.0
1078 	5.0 	5.0 	0.0
1079 	5.0 	1.0 	4.0
1080 	5.0 	1.0 	4.0
1081 	4.0 	5.0 	-1.0
1082 	4.0 	5.0 	-1.0
1083 	5.0 	1.0 	4.0
1084 	4.0 	5.0 	-1.0
1085 	5.0 	1.0 	4.0
1086 	5.0 	5.0 	0.0
1087 	5.0 	1.0 	4.0
1088 	5.0 	1.0 	4.0
1089 	3.0 	5.0 	-2.0
1090 	5.0 	5.0 	0.0
1091 	5.0 	5.0 	0.0
1092 	5.0 	5.0 	0.0
1093 	5.0 	5.0 	0.0
1094 	4.0 	1.0 	3.0
1095 	4.0 	1.0 	3.0
1096 	5.0 	5.0 	0.0
1097 	5.0 	1.0 	4.0
1098 	4.0 	5.0 	-1.0
1099 	4.0 	5.0 	-1.0
1100 	5.0 	5.0 	0.0
1101 	5.0 	5.0 	0.0
1102 	4.0 	5.0 	-1.0
1103 	5.0 	5.0 	0.0
1104 	4.0 	5.0 	-1.0
1105 	4.0 	5.0 	-1.0
1106 	5.0 	1.0 	4.0
1107 	5.0 	1.0 	4.0
1108 	2.0 	1.0 	1.0
1109 	5.0 	5.0 	0.0
1110 	5.0 	1.0 	4.0
1111 	5.0 	5.0 	0.0
1112 	5.0 	5.0 	0.0
1113 	4.0 	5.0 	-1.0
1114 	4.0 	5.0 	-1.0
1115 	5.0 	5.0 	0.0
1116 	4.0 	1.0 	3.0
1117 	5.0 	5.0 	0.0
1118 	2.0 	5.0 	-3.0
1119 	5.0 	5.0 	0.0
1120 	4.0 	5.0 	-1.0
1121 	5.0 	1.0 	4.0
1122 	4.0 	5.0 	-1.0
1123 	5.0 	1.0 	4.0
1124 	5.0 	1.0 	4.0
1125 	5.0 	5.0 	0.0
1126 	5.0 	1.0 	4.0
1127 	5.0 	5.0 	0.0
1128 	5.0 	1.0 	4.0
1129 	3.0 	1.0 	2.0
1130 	5.0 	5.0 	0.0
1131 	4.0 	5.0 	-1.0
1132 	5.0 	1.0 	4.0
1133 	3.0 	1.0 	2.0
1134 	4.0 	5.0 	-1.0
1135 	5.0 	5.0 	0.0
1136 	5.0 	5.0 	0.0
1137 	5.0 	1.0 	4.0
1138 	5.0 	1.0 	4.0
1139 	5.0 	2.0 	3.0
1140 	5.0 	5.0 	0.0
1141 	5.0 	1.0 	4.0
1142 	5.0 	1.0 	4.0
1143 	3.0 	1.0 	2.0
1144 	5.0 	5.0 	0.0
1145 	5.0 	5.0 	0.0
1146 	4.0 	5.0 	-1.0
1147 	5.0 	1.0 	4.0
1148 	5.0 	5.0 	0.0
1149 	5.0 	1.0 	4.0
1150 	5.0 	1.0 	4.0
1151 	5.0 	5.0 	0.0
1152 	5.0 	5.0 	0.0
1153 	5.0 	5.0 	0.0
1154 	1.0 	1.0 	0.0
1155 	5.0 	5.0 	0.0
1156 	5.0 	1.0 	4.0
1157 	5.0 	5.0 	0.0
1158 	4.0 	5.0 	-1.0
1159 	5.0 	5.0 	0.0
1160 	3.0 	1.0 	2.0
1161 	4.0 	5.0 	-1.0
1162 	5.0 	1.0 	4.0
1163 	5.0 	1.0 	4.0
1164 	5.0 	5.0 	0.0
1165 	5.0 	1.0 	4.0
1166 	4.0 	1.0 	3.0
1167 	5.0 	1.0 	4.0
1168 	4.0 	5.0 	-1.0
1169 	5.0 	5.0 	0.0
1170 	4.0 	1.0 	3.0
1171 	5.0 	1.0 	4.0
1172 	5.0 	1.0 	4.0
1173 	5.0 	5.0 	0.0
1174 	5.0 	2.0 	3.0
1175 	5.0 	5.0 	0.0
1176 	4.0 	5.0 	-1.0
1177 	4.0 	1.0 	3.0
1178 	5.0 	1.0 	4.0
1179 	4.0 	5.0 	-1.0
1180 	4.0 	5.0 	-1.0
1181 	5.0 	5.0 	0.0
1182 	5.0 	1.0 	4.0
1183 	5.0 	5.0 	0.0
1184 	5.0 	1.0 	4.0
1185 	5.0 	1.0 	4.0
1186 	4.0 	5.0 	-1.0
1187 	5.0 	1.0 	4.0
1188 	5.0 	5.0 	0.0
1189 	5.0 	5.0 	0.0
1190 	5.0 	5.0 	0.0
1191 	5.0 	1.0 	4.0
1192 	5.0 	5.0 	0.0
1193 	5.0 	1.0 	4.0
1194 	4.0 	5.0 	-1.0
1195 	5.0 	5.0 	0.0
1196 	5.0 	5.0 	0.0
1197 	4.0 	4.0 	0.0
1198 	5.0 	5.0 	0.0
1199 	4.0 	4.0 	0.0
1200 	4.0 	5.0 	-1.0
1201 	5.0 	5.0 	0.0
1202 	5.0 	5.0 	0.0
1203 	5.0 	1.0 	4.0
1204 	5.0 	5.0 	0.0
1205 	5.0 	1.0 	4.0
1206 	5.0 	1.0 	4.0
1207 	5.0 	5.0 	0.0
1208 	5.0 	5.0 	0.0
1209 	5.0 	5.0 	0.0
1210 	4.0 	5.0 	-1.0
1211 	5.0 	1.0 	4.0
1212 	4.0 	5.0 	-1.0
1213 	5.0 	5.0 	0.0
1214 	4.0 	5.0 	-1.0
1215 	5.0 	5.0 	0.0
1216 	5.0 	1.0 	4.0
1217 	5.0 	5.0 	0.0
1218 	5.0 	1.0 	4.0
