0 	3.0 	3.0 	0.0
1 	5.0 	2.0 	3.0
2 	3.0 	3.0 	0.0
3 	3.0 	3.0 	0.0
4 	5.0 	2.0 	3.0
5 	3.0 	3.0 	0.0
6 	5.0 	2.0 	3.0
7 	1.0 	1.0 	0.0
8 	1.0 	5.0 	-4.0
9 	4.0 	5.0 	-1.0
10 	1.0 	5.0 	-4.0
11 	3.0 	5.0 	-2.0
12 	5.0 	5.0 	0.0
13 	2.0 	3.0 	-1.0
14 	4.0 	5.0 	-1.0
15 	1.0 	2.0 	-1.0
16 	2.0 	1.0 	1.0
17 	2.0 	3.0 	-1.0
18 	5.0 	3.0 	2.0
19 	1.0 	2.0 	-1.0
20 	3.0 	2.0 	1.0
21 	4.0 	2.0 	2.0
22 	3.0 	3.0 	0.0
23 	3.0 	3.0 	0.0
24 	5.0 	2.0 	3.0
25 	4.0 	5.0 	-1.0
26 	3.0 	2.0 	1.0
27 	5.0 	3.0 	2.0
28 	5.0 	5.0 	0.0
29 	2.0 	3.0 	-1.0
30 	1.0 	3.0 	-2.0
31 	1.0 	1.0 	0.0
32 	2.0 	2.0 	0.0
33 	4.0 	3.0 	1.0
34 	2.0 	2.0 	0.0
35 	1.0 	1.0 	0.0
36 	1.0 	3.0 	-2.0
37 	1.0 	1.0 	0.0
38 	2.0 	4.0 	-2.0
39 	5.0 	3.0 	2.0
40 	4.0 	3.0 	1.0
41 	4.0 	2.0 	2.0
42 	5.0 	3.0 	2.0
43 	1.0 	3.0 	-2.0
44 	3.0 	3.0 	0.0
45 	1.0 	3.0 	-2.0
46 	5.0 	1.0 	4.0
47 	2.0 	3.0 	-1.0
48 	3.0 	1.0 	2.0
49 	2.0 	2.0 	0.0
50 	5.0 	3.0 	2.0
51 	2.0 	1.0 	1.0
52 	1.0 	5.0 	-4.0
53 	3.0 	3.0 	0.0
54 	4.0 	3.0 	1.0
55 	2.0 	3.0 	-1.0
56 	1.0 	2.0 	-1.0
57 	3.0 	2.0 	1.0
58 	1.0 	2.0 	-1.0
59 	4.0 	2.0 	2.0
60 	4.0 	2.0 	2.0
61 	1.0 	3.0 	-2.0
62 	4.0 	3.0 	1.0
63 	4.0 	5.0 	-1.0
64 	3.0 	5.0 	-2.0
65 	1.0 	1.0 	0.0
66 	5.0 	3.0 	2.0
67 	1.0 	2.0 	-1.0
68 	1.0 	2.0 	-1.0
69 	5.0 	2.0 	3.0
70 	1.0 	5.0 	-4.0
71 	5.0 	3.0 	2.0
72 	2.0 	5.0 	-3.0
73 	5.0 	3.0 	2.0
74 	5.0 	3.0 	2.0
75 	4.0 	5.0 	-1.0
76 	3.0 	1.0 	2.0
77 	2.0 	3.0 	-1.0
78 	2.0 	5.0 	-3.0
79 	5.0 	3.0 	2.0
80 	3.0 	3.0 	0.0
81 	5.0 	5.0 	0.0
82 	5.0 	3.0 	2.0
83 	2.0 	2.0 	0.0
84 	1.0 	5.0 	-4.0
85 	5.0 	3.0 	2.0
86 	4.0 	4.0 	0.0
87 	1.0 	5.0 	-4.0
88 	1.0 	3.0 	-2.0
89 	4.0 	2.0 	2.0
90 	5.0 	3.0 	2.0
91 	1.0 	2.0 	-1.0
92 	4.0 	3.0 	1.0
93 	1.0 	3.0 	-2.0
94 	5.0 	3.0 	2.0
95 	4.0 	3.0 	1.0
96 	3.0 	5.0 	-2.0
97 	4.0 	1.0 	3.0
98 	5.0 	5.0 	0.0
99 	4.0 	5.0 	-1.0
100 	1.0 	3.0 	-2.0
101 	1.0 	1.0 	0.0
102 	4.0 	3.0 	1.0
103 	2.0 	2.0 	0.0
104 	1.0 	2.0 	-1.0
105 	5.0 	3.0 	2.0
106 	4.0 	3.0 	1.0
107 	1.0 	2.0 	-1.0
108 	3.0 	3.0 	0.0
109 	5.0 	3.0 	2.0
110 	1.0 	3.0 	-2.0
111 	5.0 	3.0 	2.0
112 	1.0 	5.0 	-4.0
113 	5.0 	3.0 	2.0
114 	3.0 	3.0 	0.0
115 	4.0 	3.0 	1.0
116 	1.0 	3.0 	-2.0
117 	1.0 	3.0 	-2.0
118 	5.0 	3.0 	2.0
119 	1.0 	3.0 	-2.0
120 	2.0 	1.0 	1.0
121 	4.0 	2.0 	2.0
122 	3.0 	3.0 	0.0
123 	2.0 	3.0 	-1.0
124 	4.0 	3.0 	1.0
125 	1.0 	1.0 	0.0
126 	5.0 	5.0 	0.0
127 	5.0 	3.0 	2.0
128 	4.0 	3.0 	1.0
129 	1.0 	3.0 	-2.0
130 	5.0 	1.0 	4.0
131 	5.0 	2.0 	3.0
132 	4.0 	2.0 	2.0
133 	1.0 	1.0 	0.0
134 	5.0 	3.0 	2.0
135 	5.0 	3.0 	2.0
136 	3.0 	3.0 	0.0
137 	5.0 	5.0 	0.0
138 	5.0 	2.0 	3.0
139 	1.0 	3.0 	-2.0
140 	5.0 	3.0 	2.0
141 	3.0 	5.0 	-2.0
142 	4.0 	3.0 	1.0
143 	4.0 	2.0 	2.0
144 	4.0 	3.0 	1.0
145 	5.0 	5.0 	0.0
146 	5.0 	5.0 	0.0
147 	1.0 	2.0 	-1.0
148 	5.0 	3.0 	2.0
149 	5.0 	3.0 	2.0
150 	4.0 	3.0 	1.0
151 	4.0 	3.0 	1.0
152 	5.0 	3.0 	2.0
153 	4.0 	5.0 	-1.0
154 	2.0 	2.0 	0.0
155 	5.0 	3.0 	2.0
156 	5.0 	3.0 	2.0
157 	5.0 	3.0 	2.0
158 	5.0 	3.0 	2.0
159 	5.0 	3.0 	2.0
160 	5.0 	2.0 	3.0
161 	5.0 	3.0 	2.0
162 	1.0 	3.0 	-2.0
163 	1.0 	3.0 	-2.0
164 	5.0 	3.0 	2.0
165 	4.0 	2.0 	2.0
166 	3.0 	2.0 	1.0
167 	5.0 	3.0 	2.0
168 	3.0 	3.0 	0.0
169 	5.0 	5.0 	0.0
170 	5.0 	3.0 	2.0
171 	3.0 	3.0 	0.0
172 	1.0 	3.0 	-2.0
173 	3.0 	3.0 	0.0
174 	4.0 	3.0 	1.0
175 	1.0 	3.0 	-2.0
176 	2.0 	3.0 	-1.0
177 	5.0 	3.0 	2.0
178 	5.0 	3.0 	2.0
179 	4.0 	3.0 	1.0
180 	3.0 	3.0 	0.0
181 	5.0 	3.0 	2.0
182 	1.0 	5.0 	-4.0
183 	4.0 	2.0 	2.0
184 	1.0 	3.0 	-2.0
185 	1.0 	2.0 	-1.0
186 	5.0 	3.0 	2.0
187 	4.0 	3.0 	1.0
188 	1.0 	3.0 	-2.0
189 	5.0 	3.0 	2.0
190 	3.0 	4.0 	-1.0
191 	1.0 	1.0 	0.0
192 	5.0 	5.0 	0.0
193 	5.0 	1.0 	4.0
194 	1.0 	3.0 	-2.0
195 	5.0 	3.0 	2.0
196 	5.0 	5.0 	0.0
197 	1.0 	3.0 	-2.0
198 	1.0 	3.0 	-2.0
199 	5.0 	3.0 	2.0
200 	1.0 	2.0 	-1.0
201 	5.0 	3.0 	2.0
202 	4.0 	5.0 	-1.0
203 	1.0 	3.0 	-2.0
204 	1.0 	3.0 	-2.0
205 	1.0 	2.0 	-1.0
206 	5.0 	2.0 	3.0
207 	5.0 	1.0 	4.0
208 	5.0 	3.0 	2.0
209 	5.0 	3.0 	2.0
210 	5.0 	3.0 	2.0
211 	5.0 	5.0 	0.0
212 	1.0 	2.0 	-1.0
213 	1.0 	3.0 	-2.0
214 	1.0 	3.0 	-2.0
215 	5.0 	2.0 	3.0
216 	1.0 	5.0 	-4.0
217 	3.0 	2.0 	1.0
218 	5.0 	3.0 	2.0
219 	5.0 	3.0 	2.0
220 	5.0 	3.0 	2.0
221 	4.0 	5.0 	-1.0
222 	5.0 	2.0 	3.0
223 	4.0 	5.0 	-1.0
224 	3.0 	2.0 	1.0
225 	3.0 	3.0 	0.0
226 	4.0 	5.0 	-1.0
227 	4.0 	5.0 	-1.0
228 	5.0 	2.0 	3.0
229 	1.0 	1.0 	0.0
230 	1.0 	2.0 	-1.0
231 	4.0 	3.0 	1.0
232 	1.0 	1.0 	0.0
233 	3.0 	2.0 	1.0
234 	4.0 	5.0 	-1.0
235 	3.0 	3.0 	0.0
236 	4.0 	5.0 	-1.0
237 	4.0 	5.0 	-1.0
238 	5.0 	2.0 	3.0
239 	4.0 	3.0 	1.0
240 	1.0 	1.0 	0.0
241 	1.0 	3.0 	-2.0
242 	4.0 	5.0 	-1.0
243 	1.0 	3.0 	-2.0
244 	4.0 	5.0 	-1.0
245 	4.0 	5.0 	-1.0
246 	2.0 	1.0 	1.0
247 	5.0 	5.0 	0.0
248 	2.0 	2.0 	0.0
249 	2.0 	3.0 	-1.0
250 	1.0 	1.0 	0.0
251 	3.0 	5.0 	-2.0
252 	5.0 	3.0 	2.0
253 	5.0 	3.0 	2.0
254 	4.0 	5.0 	-1.0
255 	4.0 	5.0 	-1.0
256 	2.0 	1.0 	1.0
257 	5.0 	5.0 	0.0
258 	2.0 	2.0 	0.0
259 	1.0 	1.0 	0.0
260 	3.0 	5.0 	-2.0
261 	5.0 	1.0 	4.0
262 	5.0 	3.0 	2.0
263 	2.0 	1.0 	1.0
264 	5.0 	5.0 	0.0
265 	3.0 	5.0 	-2.0
266 	5.0 	3.0 	2.0
267 	1.0 	3.0 	-2.0
268 	3.0 	3.0 	0.0
269 	5.0 	2.0 	3.0
270 	3.0 	2.0 	1.0
271 	4.0 	5.0 	-1.0
272 	1.0 	5.0 	-4.0
273 	1.0 	3.0 	-2.0
274 	3.0 	3.0 	0.0
275 	5.0 	2.0 	3.0
276 	3.0 	2.0 	1.0
277 	5.0 	5.0 	0.0
278 	4.0 	5.0 	-1.0
279 	1.0 	5.0 	-4.0
280 	1.0 	3.0 	-2.0
281 	5.0 	3.0 	2.0
282 	5.0 	3.0 	2.0
283 	3.0 	2.0 	1.0
284 	5.0 	5.0 	0.0
285 	4.0 	2.0 	2.0
286 	5.0 	5.0 	0.0
287 	1.0 	5.0 	-4.0
288 	1.0 	3.0 	-2.0
289 	5.0 	3.0 	2.0
290 	5.0 	3.0 	2.0
291 	5.0 	3.0 	2.0
292 	5.0 	3.0 	2.0
293 	5.0 	3.0 	2.0
294 	5.0 	5.0 	0.0
295 	5.0 	2.0 	3.0
296 	4.0 	2.0 	2.0
297 	5.0 	5.0 	0.0
298 	4.0 	3.0 	1.0
299 	4.0 	3.0 	1.0
300 	5.0 	3.0 	2.0
301 	1.0 	3.0 	-2.0
302 	5.0 	3.0 	2.0
303 	5.0 	3.0 	2.0
304 	5.0 	3.0 	2.0
305 	5.0 	3.0 	2.0
306 	5.0 	3.0 	2.0
307 	5.0 	5.0 	0.0
308 	5.0 	5.0 	0.0
309 	1.0 	3.0 	-2.0
310 	4.0 	3.0 	1.0
311 	4.0 	3.0 	1.0
312 	5.0 	3.0 	2.0
313 	2.0 	5.0 	-3.0
314 	1.0 	3.0 	-2.0
315 	1.0 	1.0 	0.0
316 	4.0 	2.0 	2.0
317 	4.0 	2.0 	2.0
318 	3.0 	5.0 	-2.0
319 	1.0 	3.0 	-2.0
320 	5.0 	3.0 	2.0
321 	5.0 	3.0 	2.0
322 	1.0 	3.0 	-2.0
323 	2.0 	5.0 	-3.0
324 	1.0 	3.0 	-2.0
325 	1.0 	1.0 	0.0
326 	4.0 	2.0 	2.0
327 	4.0 	2.0 	2.0
328 	4.0 	5.0 	-1.0
329 	3.0 	2.0 	1.0
330 	3.0 	5.0 	-2.0
331 	1.0 	2.0 	-1.0
332 	1.0 	3.0 	-2.0
333 	1.0 	1.0 	0.0
334 	1.0 	5.0 	-4.0
335 	5.0 	3.0 	2.0
336 	4.0 	5.0 	-1.0
337 	3.0 	2.0 	1.0
338 	1.0 	2.0 	-1.0
339 	5.0 	3.0 	2.0
340 	1.0 	3.0 	-2.0
341 	4.0 	2.0 	2.0
342 	5.0 	5.0 	0.0
343 	5.0 	3.0 	2.0
344 	4.0 	5.0 	-1.0
345 	3.0 	2.0 	1.0
346 	5.0 	3.0 	2.0
347 	1.0 	2.0 	-1.0
348 	5.0 	3.0 	2.0
349 	5.0 	3.0 	2.0
350 	4.0 	2.0 	2.0
351 	5.0 	5.0 	0.0
352 	4.0 	3.0 	1.0
353 	4.0 	3.0 	1.0
354 	3.0 	3.0 	0.0
355 	5.0 	3.0 	2.0
356 	5.0 	3.0 	2.0
357 	4.0 	5.0 	-1.0
358 	5.0 	3.0 	2.0
359 	1.0 	2.0 	-1.0
360 	5.0 	3.0 	2.0
361 	5.0 	3.0 	2.0
362 	5.0 	5.0 	0.0
363 	5.0 	3.0 	2.0
364 	1.0 	3.0 	-2.0
365 	4.0 	3.0 	1.0
366 	3.0 	3.0 	0.0
367 	5.0 	3.0 	2.0
368 	4.0 	5.0 	-1.0
369 	5.0 	3.0 	2.0
370 	1.0 	3.0 	-2.0
371 	1.0 	2.0 	-1.0
372 	5.0 	3.0 	2.0
373 	4.0 	3.0 	1.0
374 	2.0 	3.0 	-1.0
375 	1.0 	3.0 	-2.0
376 	5.0 	2.0 	3.0
377 	3.0 	3.0 	0.0
378 	5.0 	3.0 	2.0
379 	1.0 	3.0 	-2.0
380 	5.0 	3.0 	2.0
381 	1.0 	3.0 	-2.0
382 	5.0 	3.0 	2.0
383 	5.0 	2.0 	3.0
384 	1.0 	3.0 	-2.0
385 	1.0 	3.0 	-2.0
386 	5.0 	3.0 	2.0
387 	5.0 	3.0 	2.0
388 	5.0 	3.0 	2.0
389 	5.0 	5.0 	0.0
390 	5.0 	3.0 	2.0
391 	5.0 	2.0 	3.0
392 	1.0 	3.0 	-2.0
393 	1.0 	3.0 	-2.0
394 	5.0 	3.0 	2.0
395 	5.0 	3.0 	2.0
396 	5.0 	3.0 	2.0
397 	5.0 	5.0 	0.0
398 	5.0 	3.0 	2.0
399 	3.0 	1.0 	2.0
400 	2.0 	1.0 	1.0
401 	1.0 	2.0 	-1.0
402 	3.0 	1.0 	2.0
403 	2.0 	1.0 	1.0
404 	1.0 	2.0 	-1.0
405 	3.0 	5.0 	-2.0
406 	1.0 	2.0 	-1.0
407 	5.0 	2.0 	3.0
408 	1.0 	3.0 	-2.0
409 	2.0 	1.0 	1.0
410 	3.0 	3.0 	0.0
411 	5.0 	4.0 	1.0
412 	2.0 	5.0 	-3.0
413 	1.0 	1.0 	0.0
414 	1.0 	5.0 	-4.0
415 	1.0 	5.0 	-4.0
416 	2.0 	3.0 	-1.0
417 	4.0 	5.0 	-1.0
418 	5.0 	5.0 	0.0
419 	5.0 	5.0 	0.0
420 	1.0 	3.0 	-2.0
421 	1.0 	3.0 	-2.0
422 	1.0 	3.0 	-2.0
423 	1.0 	3.0 	-2.0
424 	1.0 	3.0 	-2.0
425 	2.0 	5.0 	-3.0
426 	5.0 	5.0 	0.0
427 	1.0 	3.0 	-2.0
428 	1.0 	3.0 	-2.0
429 	1.0 	3.0 	-2.0
430 	1.0 	3.0 	-2.0
431 	3.0 	1.0 	2.0
432 	1.0 	2.0 	-1.0
433 	1.0 	3.0 	-2.0
434 	1.0 	1.0 	0.0
435 	2.0 	3.0 	-1.0
436 	4.0 	3.0 	1.0
437 	4.0 	5.0 	-1.0
438 	1.0 	2.0 	-1.0
439 	1.0 	2.0 	-1.0
440 	3.0 	3.0 	0.0
441 	3.0 	5.0 	-2.0
442 	4.0 	5.0 	-1.0
443 	1.0 	2.0 	-1.0
444 	1.0 	2.0 	-1.0
445 	1.0 	3.0 	-2.0
446 	1.0 	3.0 	-2.0
447 	1.0 	1.0 	0.0
448 	4.0 	3.0 	1.0
449 	1.0 	1.0 	0.0
450 	3.0 	5.0 	-2.0
451 	2.0 	5.0 	-3.0
452 	1.0 	1.0 	0.0
453 	1.0 	1.0 	0.0
454 	5.0 	3.0 	2.0
455 	2.0 	5.0 	-3.0
456 	4.0 	2.0 	2.0
457 	4.0 	3.0 	1.0
458 	4.0 	5.0 	-1.0
459 	1.0 	3.0 	-2.0
460 	1.0 	5.0 	-4.0
461 	1.0 	2.0 	-1.0
462 	3.0 	3.0 	0.0
463 	2.0 	2.0 	0.0
464 	3.0 	3.0 	0.0
465 	1.0 	2.0 	-1.0
466 	4.0 	5.0 	-1.0
467 	1.0 	1.0 	0.0
468 	1.0 	2.0 	-1.0
469 	2.0 	3.0 	-1.0
470 	3.0 	5.0 	-2.0
471 	4.0 	5.0 	-1.0
472 	3.0 	2.0 	1.0
473 	2.0 	3.0 	-1.0
474 	1.0 	5.0 	-4.0
475 	3.0 	1.0 	2.0
476 	1.0 	3.0 	-2.0
477 	4.0 	5.0 	-1.0
478 	1.0 	1.0 	0.0
479 	3.0 	1.0 	2.0
480 	1.0 	3.0 	-2.0
481 	1.0 	2.0 	-1.0
482 	4.0 	5.0 	-1.0
483 	1.0 	2.0 	-1.0
484 	1.0 	2.0 	-1.0
485 	1.0 	1.0 	0.0
486 	1.0 	4.0 	-3.0
487 	5.0 	3.0 	2.0
488 	1.0 	3.0 	-2.0
489 	1.0 	2.0 	-1.0
490 	3.0 	3.0 	0.0
491 	1.0 	2.0 	-1.0
492 	3.0 	5.0 	-2.0
493 	1.0 	3.0 	-2.0
494 	2.0 	3.0 	-1.0
495 	5.0 	3.0 	2.0
496 	1.0 	5.0 	-4.0
497 	1.0 	3.0 	-2.0
498 	2.0 	2.0 	0.0
499 	4.0 	3.0 	1.0
500 	1.0 	2.0 	-1.0
501 	3.0 	3.0 	0.0
502 	1.0 	2.0 	-1.0
503 	1.0 	2.0 	-1.0
504 	3.0 	3.0 	0.0
505 	1.0 	1.0 	0.0
506 	1.0 	2.0 	-1.0
507 	3.0 	3.0 	0.0
508 	1.0 	3.0 	-2.0
509 	5.0 	3.0 	2.0
510 	3.0 	3.0 	0.0
511 	1.0 	1.0 	0.0
512 	1.0 	3.0 	-2.0
513 	1.0 	3.0 	-2.0
514 	1.0 	1.0 	0.0
515 	1.0 	3.0 	-2.0
516 	1.0 	3.0 	-2.0
517 	1.0 	2.0 	-1.0
518 	1.0 	3.0 	-2.0
519 	1.0 	5.0 	-4.0
520 	3.0 	3.0 	0.0
521 	3.0 	5.0 	-2.0
522 	5.0 	4.0 	1.0
523 	1.0 	5.0 	-4.0
524 	1.0 	3.0 	-2.0
525 	1.0 	2.0 	-1.0
526 	1.0 	1.0 	0.0
527 	1.0 	5.0 	-4.0
528 	1.0 	2.0 	-1.0
529 	5.0 	5.0 	0.0
530 	1.0 	3.0 	-2.0
531 	1.0 	3.0 	-2.0
532 	5.0 	3.0 	2.0
533 	3.0 	5.0 	-2.0
534 	5.0 	3.0 	2.0
535 	1.0 	3.0 	-2.0
536 	1.0 	3.0 	-2.0
537 	3.0 	5.0 	-2.0
538 	3.0 	2.0 	1.0
539 	1.0 	2.0 	-1.0
540 	2.0 	5.0 	-3.0
541 	2.0 	1.0 	1.0
542 	4.0 	3.0 	1.0
543 	5.0 	3.0 	2.0
544 	1.0 	2.0 	-1.0
545 	1.0 	3.0 	-2.0
546 	5.0 	1.0 	4.0
547 	5.0 	3.0 	2.0
548 	5.0 	3.0 	2.0
549 	1.0 	3.0 	-2.0
550 	4.0 	3.0 	1.0
551 	1.0 	3.0 	-2.0
552 	5.0 	3.0 	2.0
553 	5.0 	3.0 	2.0
554 	2.0 	3.0 	-1.0
555 	2.0 	1.0 	1.0
556 	1.0 	2.0 	-1.0
557 	5.0 	3.0 	2.0
558 	3.0 	2.0 	1.0
559 	5.0 	3.0 	2.0
560 	1.0 	3.0 	-2.0
561 	4.0 	5.0 	-1.0
562 	1.0 	5.0 	-4.0
563 	1.0 	3.0 	-2.0
564 	5.0 	5.0 	0.0
565 	1.0 	1.0 	0.0
566 	3.0 	3.0 	0.0
567 	2.0 	3.0 	-1.0
568 	1.0 	3.0 	-2.0
569 	1.0 	3.0 	-2.0
570 	4.0 	3.0 	1.0
571 	1.0 	3.0 	-2.0
572 	1.0 	5.0 	-4.0
573 	1.0 	2.0 	-1.0
574 	1.0 	3.0 	-2.0
575 	1.0 	5.0 	-4.0
576 	5.0 	3.0 	2.0
577 	1.0 	3.0 	-2.0
578 	2.0 	3.0 	-1.0
579 	3.0 	3.0 	0.0
580 	5.0 	2.0 	3.0
581 	1.0 	3.0 	-2.0
582 	2.0 	3.0 	-1.0
583 	5.0 	2.0 	3.0
584 	2.0 	3.0 	-1.0
585 	3.0 	3.0 	0.0
586 	5.0 	3.0 	2.0
587 	1.0 	5.0 	-4.0
588 	1.0 	1.0 	0.0
589 	1.0 	2.0 	-1.0
590 	5.0 	3.0 	2.0
591 	1.0 	3.0 	-2.0
592 	5.0 	3.0 	2.0
593 	1.0 	2.0 	-1.0
594 	1.0 	3.0 	-2.0
595 	4.0 	5.0 	-1.0
596 	1.0 	5.0 	-4.0
597 	1.0 	2.0 	-1.0
598 	5.0 	5.0 	0.0
599 	5.0 	5.0 	0.0
600 	1.0 	3.0 	-2.0
601 	5.0 	5.0 	0.0
602 	1.0 	3.0 	-2.0
603 	1.0 	1.0 	0.0
604 	1.0 	1.0 	0.0
605 	1.0 	4.0 	-3.0
606 	1.0 	3.0 	-2.0
607 	1.0 	3.0 	-2.0
608 	1.0 	1.0 	0.0
609 	5.0 	5.0 	0.0
610 	5.0 	2.0 	3.0
611 	5.0 	3.0 	2.0
612 	1.0 	2.0 	-1.0
613 	1.0 	1.0 	0.0
614 	1.0 	1.0 	0.0
615 	1.0 	4.0 	-3.0
616 	5.0 	3.0 	2.0
617 	1.0 	3.0 	-2.0
618 	1.0 	3.0 	-2.0
619 	1.0 	3.0 	-2.0
620 	3.0 	3.0 	0.0
621 	1.0 	1.0 	0.0
622 	5.0 	3.0 	2.0
623 	5.0 	3.0 	2.0
624 	5.0 	3.0 	2.0
625 	1.0 	4.0 	-3.0
626 	5.0 	3.0 	2.0
627 	1.0 	3.0 	-2.0
628 	3.0 	3.0 	0.0
629 	5.0 	2.0 	3.0
630 	1.0 	3.0 	-2.0
631 	5.0 	3.0 	2.0
632 	1.0 	3.0 	-2.0
633 	5.0 	3.0 	2.0
634 	1.0 	3.0 	-2.0
635 	5.0 	3.0 	2.0
636 	1.0 	3.0 	-2.0
637 	5.0 	3.0 	2.0
638 	1.0 	3.0 	-2.0
639 	5.0 	3.0 	2.0
640 	5.0 	3.0 	2.0
641 	5.0 	2.0 	3.0
642 	4.0 	1.0 	3.0
643 	5.0 	3.0 	2.0
644 	5.0 	2.0 	3.0
645 	4.0 	1.0 	3.0
646 	5.0 	2.0 	3.0
647 	5.0 	3.0 	2.0
648 	5.0 	2.0 	3.0
649 	5.0 	5.0 	0.0
650 	5.0 	1.0 	4.0
651 	5.0 	4.0 	1.0
652 	5.0 	2.0 	3.0
653 	4.0 	2.0 	2.0
654 	5.0 	5.0 	0.0
655 	3.0 	3.0 	0.0
656 	4.0 	2.0 	2.0
657 	5.0 	2.0 	3.0
658 	5.0 	2.0 	3.0
659 	5.0 	2.0 	3.0
660 	5.0 	5.0 	0.0
661 	5.0 	2.0 	3.0
662 	5.0 	3.0 	2.0
663 	5.0 	2.0 	3.0
664 	4.0 	3.0 	1.0
665 	5.0 	2.0 	3.0
666 	4.0 	2.0 	2.0
667 	5.0 	2.0 	3.0
668 	4.0 	5.0 	-1.0
669 	2.0 	3.0 	-1.0
670 	5.0 	2.0 	3.0
671 	4.0 	2.0 	2.0
672 	4.0 	3.0 	1.0
673 	4.0 	2.0 	2.0
674 	5.0 	5.0 	0.0
675 	4.0 	1.0 	3.0
676 	5.0 	3.0 	2.0
677 	5.0 	2.0 	3.0
678 	4.0 	3.0 	1.0
679 	5.0 	2.0 	3.0
680 	5.0 	5.0 	0.0
681 	4.0 	1.0 	3.0
682 	4.0 	2.0 	2.0
683 	4.0 	2.0 	2.0
684 	4.0 	5.0 	-1.0
685 	5.0 	2.0 	3.0
686 	5.0 	3.0 	2.0
687 	5.0 	1.0 	4.0
688 	5.0 	2.0 	3.0
689 	4.0 	3.0 	1.0
690 	1.0 	3.0 	-2.0
691 	2.0 	1.0 	1.0
692 	5.0 	1.0 	4.0
693 	5.0 	2.0 	3.0
694 	3.0 	2.0 	1.0
695 	4.0 	1.0 	3.0
696 	3.0 	5.0 	-2.0
697 	1.0 	2.0 	-1.0
698 	5.0 	1.0 	4.0
699 	5.0 	3.0 	2.0
700 	4.0 	3.0 	1.0
701 	5.0 	2.0 	3.0
702 	2.0 	3.0 	-1.0
703 	4.0 	4.0 	0.0
704 	3.0 	1.0 	2.0
705 	5.0 	5.0 	0.0
706 	5.0 	3.0 	2.0
707 	5.0 	2.0 	3.0
708 	4.0 	3.0 	1.0
709 	3.0 	2.0 	1.0
710 	5.0 	1.0 	4.0
711 	5.0 	1.0 	4.0
712 	4.0 	3.0 	1.0
713 	5.0 	2.0 	3.0
714 	2.0 	2.0 	0.0
715 	4.0 	5.0 	-1.0
716 	4.0 	2.0 	2.0
717 	5.0 	5.0 	0.0
718 	5.0 	3.0 	2.0
719 	5.0 	5.0 	0.0
720 	5.0 	3.0 	2.0
721 	2.0 	5.0 	-3.0
722 	5.0 	3.0 	2.0
723 	4.0 	3.0 	1.0
724 	5.0 	3.0 	2.0
725 	5.0 	3.0 	2.0
726 	5.0 	3.0 	2.0
727 	5.0 	5.0 	0.0
728 	4.0 	2.0 	2.0
729 	5.0 	1.0 	4.0
730 	5.0 	3.0 	2.0
731 	5.0 	3.0 	2.0
732 	5.0 	1.0 	4.0
733 	5.0 	3.0 	2.0
734 	3.0 	2.0 	1.0
735 	5.0 	3.0 	2.0
736 	4.0 	5.0 	-1.0
737 	5.0 	5.0 	0.0
738 	4.0 	5.0 	-1.0
739 	5.0 	3.0 	2.0
740 	5.0 	3.0 	2.0
741 	5.0 	1.0 	4.0
742 	2.0 	2.0 	0.0
743 	4.0 	5.0 	-1.0
744 	4.0 	3.0 	1.0
745 	5.0 	1.0 	4.0
746 	5.0 	1.0 	4.0
747 	3.0 	2.0 	1.0
748 	5.0 	5.0 	0.0
749 	4.0 	1.0 	3.0
750 	5.0 	5.0 	0.0
751 	5.0 	3.0 	2.0
752 	3.0 	2.0 	1.0
753 	3.0 	1.0 	2.0
754 	5.0 	5.0 	0.0
755 	4.0 	1.0 	3.0
756 	5.0 	2.0 	3.0
757 	5.0 	2.0 	3.0
758 	4.0 	5.0 	-1.0
759 	4.0 	3.0 	1.0
760 	4.0 	3.0 	1.0
761 	5.0 	1.0 	4.0
762 	4.0 	2.0 	2.0
763 	4.0 	3.0 	1.0
764 	5.0 	1.0 	4.0
765 	3.0 	3.0 	0.0
766 	5.0 	3.0 	2.0
767 	5.0 	2.0 	3.0
768 	4.0 	3.0 	1.0
769 	3.0 	2.0 	1.0
770 	5.0 	3.0 	2.0
771 	4.0 	2.0 	2.0
772 	5.0 	5.0 	0.0
773 	5.0 	5.0 	0.0
774 	4.0 	1.0 	3.0
775 	5.0 	3.0 	2.0
776 	1.0 	1.0 	0.0
777 	5.0 	3.0 	2.0
778 	5.0 	3.0 	2.0
779 	5.0 	2.0 	3.0
780 	5.0 	2.0 	3.0
781 	5.0 	1.0 	4.0
782 	5.0 	2.0 	3.0
783 	3.0 	2.0 	1.0
784 	5.0 	2.0 	3.0
785 	4.0 	3.0 	1.0
786 	1.0 	3.0 	-2.0
787 	5.0 	3.0 	2.0
788 	4.0 	2.0 	2.0
789 	4.0 	2.0 	2.0
790 	5.0 	5.0 	0.0
791 	5.0 	3.0 	2.0
792 	5.0 	3.0 	2.0
793 	1.0 	2.0 	-1.0
794 	5.0 	3.0 	2.0
795 	5.0 	5.0 	0.0
796 	4.0 	5.0 	-1.0
797 	5.0 	3.0 	2.0
798 	4.0 	3.0 	1.0
799 	5.0 	3.0 	2.0
800 	5.0 	2.0 	3.0
801 	5.0 	3.0 	2.0
802 	4.0 	5.0 	-1.0
803 	5.0 	3.0 	2.0
804 	4.0 	2.0 	2.0
805 	4.0 	1.0 	3.0
806 	5.0 	5.0 	0.0
807 	5.0 	1.0 	4.0
808 	1.0 	3.0 	-2.0
809 	3.0 	3.0 	0.0
810 	1.0 	2.0 	-1.0
811 	3.0 	3.0 	0.0
812 	5.0 	2.0 	3.0
813 	5.0 	1.0 	4.0
814 	5.0 	3.0 	2.0
815 	5.0 	3.0 	2.0
816 	4.0 	3.0 	1.0
817 	5.0 	3.0 	2.0
818 	5.0 	1.0 	4.0
819 	3.0 	1.0 	2.0
820 	4.0 	2.0 	2.0
821 	5.0 	3.0 	2.0
822 	4.0 	2.0 	2.0
823 	5.0 	5.0 	0.0
824 	4.0 	1.0 	3.0
825 	5.0 	3.0 	2.0
826 	5.0 	2.0 	3.0
827 	5.0 	1.0 	4.0
828 	3.0 	2.0 	1.0
829 	4.0 	1.0 	3.0
830 	3.0 	5.0 	-2.0
831 	4.0 	3.0 	1.0
832 	4.0 	3.0 	1.0
833 	4.0 	2.0 	2.0
834 	5.0 	5.0 	0.0
835 	4.0 	5.0 	-1.0
836 	4.0 	2.0 	2.0
837 	4.0 	2.0 	2.0
838 	3.0 	2.0 	1.0
839 	5.0 	3.0 	2.0
840 	5.0 	1.0 	4.0
841 	2.0 	2.0 	0.0
842 	4.0 	3.0 	1.0
843 	5.0 	3.0 	2.0
844 	4.0 	1.0 	3.0
845 	4.0 	5.0 	-1.0
846 	5.0 	3.0 	2.0
847 	4.0 	1.0 	3.0
848 	4.0 	5.0 	-1.0
849 	4.0 	5.0 	-1.0
850 	3.0 	2.0 	1.0
851 	5.0 	5.0 	0.0
852 	5.0 	2.0 	3.0
853 	1.0 	5.0 	-4.0
854 	4.0 	3.0 	1.0
855 	4.0 	5.0 	-1.0
856 	5.0 	5.0 	0.0
857 	4.0 	4.0 	0.0
858 	4.0 	4.0 	0.0
859 	4.0 	3.0 	1.0
860 	5.0 	3.0 	2.0
861 	5.0 	3.0 	2.0
862 	4.0 	2.0 	2.0
863 	5.0 	3.0 	2.0
864 	4.0 	2.0 	2.0
865 	5.0 	3.0 	2.0
866 	3.0 	5.0 	-2.0
867 	4.0 	5.0 	-1.0
868 	4.0 	2.0 	2.0
869 	5.0 	3.0 	2.0
870 	1.0 	3.0 	-2.0
871 	4.0 	5.0 	-1.0
872 	5.0 	2.0 	3.0
873 	5.0 	3.0 	2.0
874 	2.0 	5.0 	-3.0
875 	3.0 	2.0 	1.0
876 	4.0 	5.0 	-1.0
877 	1.0 	2.0 	-1.0
878 	5.0 	4.0 	1.0
879 	4.0 	5.0 	-1.0
880 	4.0 	3.0 	1.0
881 	1.0 	1.0 	0.0
882 	5.0 	3.0 	2.0
883 	4.0 	3.0 	1.0
884 	5.0 	2.0 	3.0
885 	5.0 	3.0 	2.0
886 	4.0 	3.0 	1.0
887 	5.0 	5.0 	0.0
888 	5.0 	3.0 	2.0
889 	4.0 	2.0 	2.0
890 	5.0 	3.0 	2.0
891 	4.0 	5.0 	-1.0
892 	3.0 	5.0 	-2.0
893 	1.0 	1.0 	0.0
894 	5.0 	5.0 	0.0
895 	4.0 	3.0 	1.0
896 	5.0 	3.0 	2.0
897 	5.0 	3.0 	2.0
898 	4.0 	3.0 	1.0
899 	5.0 	3.0 	2.0
900 	5.0 	2.0 	3.0
901 	4.0 	5.0 	-1.0
902 	3.0 	3.0 	0.0
903 	4.0 	3.0 	1.0
904 	5.0 	2.0 	3.0
905 	4.0 	3.0 	1.0
906 	4.0 	3.0 	1.0
907 	4.0 	1.0 	3.0
908 	5.0 	2.0 	3.0
909 	3.0 	2.0 	1.0
910 	5.0 	2.0 	3.0
911 	4.0 	3.0 	1.0
912 	5.0 	2.0 	3.0
913 	4.0 	2.0 	2.0
914 	5.0 	3.0 	2.0
915 	5.0 	3.0 	2.0
916 	5.0 	3.0 	2.0
917 	5.0 	3.0 	2.0
918 	5.0 	3.0 	2.0
919 	5.0 	3.0 	2.0
920 	5.0 	3.0 	2.0
921 	4.0 	2.0 	2.0
922 	3.0 	2.0 	1.0
923 	4.0 	5.0 	-1.0
924 	4.0 	3.0 	1.0
925 	4.0 	3.0 	1.0
926 	4.0 	3.0 	1.0
927 	4.0 	1.0 	3.0
928 	4.0 	5.0 	-1.0
929 	3.0 	2.0 	1.0
930 	5.0 	2.0 	3.0
931 	5.0 	5.0 	0.0
932 	5.0 	5.0 	0.0
933 	4.0 	3.0 	1.0
934 	5.0 	3.0 	2.0
935 	5.0 	3.0 	2.0
936 	5.0 	2.0 	3.0
937 	3.0 	2.0 	1.0
938 	5.0 	3.0 	2.0
939 	4.0 	2.0 	2.0
940 	5.0 	1.0 	4.0
941 	3.0 	3.0 	0.0
942 	3.0 	4.0 	-1.0
943 	4.0 	5.0 	-1.0
944 	5.0 	5.0 	0.0
945 	5.0 	3.0 	2.0
946 	5.0 	3.0 	2.0
947 	5.0 	5.0 	0.0
948 	5.0 	1.0 	4.0
949 	5.0 	5.0 	0.0
950 	5.0 	3.0 	2.0
951 	5.0 	3.0 	2.0
952 	2.0 	1.0 	1.0
953 	3.0 	3.0 	0.0
954 	3.0 	3.0 	0.0
955 	3.0 	5.0 	-2.0
956 	5.0 	5.0 	0.0
957 	4.0 	3.0 	1.0
958 	5.0 	3.0 	2.0
959 	4.0 	4.0 	0.0
960 	5.0 	5.0 	0.0
961 	5.0 	2.0 	3.0
962 	4.0 	4.0 	0.0
963 	4.0 	3.0 	1.0
964 	5.0 	5.0 	0.0
965 	3.0 	1.0 	2.0
966 	5.0 	2.0 	3.0
967 	5.0 	3.0 	2.0
968 	4.0 	5.0 	-1.0
969 	5.0 	2.0 	3.0
970 	2.0 	5.0 	-3.0
971 	5.0 	5.0 	0.0
972 	4.0 	2.0 	2.0
973 	5.0 	5.0 	0.0
974 	5.0 	3.0 	2.0
975 	5.0 	1.0 	4.0
976 	4.0 	3.0 	1.0
977 	3.0 	1.0 	2.0
978 	5.0 	4.0 	1.0
979 	5.0 	1.0 	4.0
980 	5.0 	5.0 	0.0
981 	3.0 	4.0 	-1.0
982 	4.0 	3.0 	1.0
983 	4.0 	1.0 	3.0
984 	5.0 	5.0 	0.0
985 	5.0 	3.0 	2.0
986 	5.0 	3.0 	2.0
987 	5.0 	5.0 	0.0
988 	3.0 	5.0 	-2.0
989 	5.0 	3.0 	2.0
990 	5.0 	5.0 	0.0
991 	4.0 	5.0 	-1.0
992 	1.0 	2.0 	-1.0
993 	5.0 	5.0 	0.0
994 	5.0 	5.0 	0.0
995 	5.0 	4.0 	1.0
996 	5.0 	3.0 	2.0
997 	5.0 	3.0 	2.0
998 	5.0 	3.0 	2.0
999 	5.0 	2.0 	3.0
1000 	5.0 	3.0 	2.0
1001 	4.0 	3.0 	1.0
1002 	5.0 	5.0 	0.0
1003 	5.0 	3.0 	2.0
1004 	5.0 	3.0 	2.0
1005 	5.0 	5.0 	0.0
1006 	5.0 	5.0 	0.0
1007 	5.0 	5.0 	0.0
1008 	5.0 	5.0 	0.0
1009 	4.0 	1.0 	3.0
1010 	5.0 	5.0 	0.0
1011 	4.0 	5.0 	-1.0
1012 	5.0 	5.0 	0.0
1013 	5.0 	3.0 	2.0
1014 	5.0 	3.0 	2.0
1015 	5.0 	3.0 	2.0
1016 	4.0 	5.0 	-1.0
1017 	5.0 	2.0 	3.0
1018 	5.0 	5.0 	0.0
1019 	5.0 	3.0 	2.0
1020 	5.0 	2.0 	3.0
1021 	4.0 	2.0 	2.0
1022 	4.0 	5.0 	-1.0
1023 	3.0 	3.0 	0.0
1024 	5.0 	5.0 	0.0
1025 	4.0 	5.0 	-1.0
1026 	4.0 	3.0 	1.0
1027 	4.0 	5.0 	-1.0
1028 	5.0 	2.0 	3.0
1029 	1.0 	1.0 	0.0
1030 	4.0 	3.0 	1.0
1031 	5.0 	5.0 	0.0
1032 	4.0 	5.0 	-1.0
1033 	5.0 	2.0 	3.0
1034 	5.0 	3.0 	2.0
1035 	4.0 	5.0 	-1.0
1036 	3.0 	5.0 	-2.0
1037 	2.0 	2.0 	0.0
1038 	5.0 	3.0 	2.0
1039 	1.0 	3.0 	-2.0
1040 	5.0 	2.0 	3.0
1041 	5.0 	2.0 	3.0
1042 	5.0 	5.0 	0.0
1043 	4.0 	5.0 	-1.0
1044 	5.0 	2.0 	3.0
1045 	5.0 	2.0 	3.0
1046 	4.0 	2.0 	2.0
1047 	5.0 	3.0 	2.0
1048 	1.0 	3.0 	-2.0
1049 	5.0 	5.0 	0.0
1050 	4.0 	5.0 	-1.0
1051 	5.0 	1.0 	4.0
1052 	5.0 	2.0 	3.0
1053 	2.0 	1.0 	1.0
1054 	5.0 	2.0 	3.0
1055 	5.0 	3.0 	2.0
1056 	5.0 	2.0 	3.0
1057 	2.0 	3.0 	-1.0
1058 	5.0 	3.0 	2.0
1059 	5.0 	2.0 	3.0
1060 	2.0 	3.0 	-1.0
1061 	5.0 	3.0 	2.0
1062 	5.0 	2.0 	3.0
1063 	5.0 	3.0 	2.0
1064 	5.0 	5.0 	0.0
1065 	4.0 	2.0 	2.0
1066 	1.0 	2.0 	-1.0
1067 	5.0 	1.0 	4.0
1068 	5.0 	5.0 	0.0
1069 	1.0 	3.0 	-2.0
1070 	5.0 	2.0 	3.0
1071 	1.0 	3.0 	-2.0
1072 	4.0 	2.0 	2.0
1073 	1.0 	3.0 	-2.0
1074 	5.0 	3.0 	2.0
1075 	3.0 	5.0 	-2.0
1076 	5.0 	3.0 	2.0
1077 	4.0 	2.0 	2.0
1078 	5.0 	2.0 	3.0
1079 	1.0 	3.0 	-2.0
1080 	2.0 	3.0 	-1.0
1081 	3.0 	3.0 	0.0
1082 	4.0 	3.0 	1.0
1083 	3.0 	3.0 	0.0
1084 	3.0 	3.0 	0.0
1085 	1.0 	3.0 	-2.0
1086 	5.0 	3.0 	2.0
1087 	5.0 	3.0 	2.0
1088 	1.0 	2.0 	-1.0
1089 	1.0 	3.0 	-2.0
1090 	4.0 	3.0 	1.0
1091 	5.0 	5.0 	0.0
1092 	5.0 	3.0 	2.0
1093 	5.0 	1.0 	4.0
1094 	1.0 	2.0 	-1.0
1095 	5.0 	5.0 	0.0
1096 	3.0 	3.0 	0.0
1097 	5.0 	3.0 	2.0
1098 	4.0 	1.0 	3.0
1099 	5.0 	5.0 	0.0
1100 	5.0 	5.0 	0.0
1101 	5.0 	2.0 	3.0
1102 	1.0 	3.0 	-2.0
1103 	1.0 	2.0 	-1.0
1104 	5.0 	1.0 	4.0
1105 	1.0 	2.0 	-1.0
1106 	1.0 	3.0 	-2.0
1107 	5.0 	3.0 	2.0
1108 	5.0 	3.0 	2.0
1109 	5.0 	4.0 	1.0
1110 	5.0 	2.0 	3.0
1111 	3.0 	3.0 	0.0
1112 	3.0 	1.0 	2.0
1113 	5.0 	5.0 	0.0
1114 	2.0 	2.0 	0.0
1115 	1.0 	3.0 	-2.0
1116 	1.0 	2.0 	-1.0
1117 	5.0 	3.0 	2.0
1118 	4.0 	3.0 	1.0
1119 	5.0 	5.0 	0.0
1120 	1.0 	3.0 	-2.0
1121 	1.0 	5.0 	-4.0
1122 	5.0 	5.0 	0.0
1123 	1.0 	5.0 	-4.0
1124 	3.0 	2.0 	1.0
1125 	5.0 	3.0 	2.0
1126 	5.0 	2.0 	3.0
1127 	4.0 	3.0 	1.0
1128 	4.0 	3.0 	1.0
1129 	2.0 	1.0 	1.0
1130 	3.0 	2.0 	1.0
1131 	4.0 	2.0 	2.0
1132 	5.0 	3.0 	2.0
1133 	1.0 	3.0 	-2.0
1134 	3.0 	3.0 	0.0
1135 	5.0 	2.0 	3.0
1136 	5.0 	5.0 	0.0
1137 	5.0 	5.0 	0.0
1138 	1.0 	2.0 	-1.0
1139 	2.0 	4.0 	-2.0
1140 	5.0 	3.0 	2.0
1141 	5.0 	3.0 	2.0
1142 	1.0 	5.0 	-4.0
1143 	2.0 	3.0 	-1.0
1144 	2.0 	3.0 	-1.0
1145 	5.0 	2.0 	3.0
1146 	5.0 	2.0 	3.0
1147 	5.0 	5.0 	0.0
1148 	1.0 	1.0 	0.0
1149 	4.0 	5.0 	-1.0
1150 	1.0 	1.0 	0.0
1151 	5.0 	5.0 	0.0
1152 	5.0 	3.0 	2.0
1153 	3.0 	2.0 	1.0
1154 	4.0 	3.0 	1.0
1155 	5.0 	2.0 	3.0
1156 	2.0 	1.0 	1.0
1157 	5.0 	4.0 	1.0
1158 	2.0 	1.0 	1.0
1159 	5.0 	5.0 	0.0
1160 	5.0 	5.0 	0.0
1161 	1.0 	2.0 	-1.0
1162 	5.0 	5.0 	0.0
1163 	5.0 	5.0 	0.0
1164 	1.0 	1.0 	0.0
1165 	5.0 	5.0 	0.0
1166 	5.0 	3.0 	2.0
1167 	5.0 	5.0 	0.0
1168 	5.0 	3.0 	2.0
1169 	4.0 	1.0 	3.0
1170 	3.0 	3.0 	0.0
1171 	5.0 	5.0 	0.0
1172 	1.0 	3.0 	-2.0
1173 	5.0 	5.0 	0.0
1174 	5.0 	3.0 	2.0
1175 	1.0 	3.0 	-2.0
1176 	5.0 	4.0 	1.0
1177 	3.0 	2.0 	1.0
1178 	5.0 	5.0 	0.0
1179 	5.0 	2.0 	3.0
1180 	5.0 	3.0 	2.0
1181 	3.0 	3.0 	0.0
1182 	5.0 	3.0 	2.0
1183 	4.0 	2.0 	2.0
1184 	2.0 	2.0 	0.0
1185 	5.0 	3.0 	2.0
1186 	1.0 	1.0 	0.0
1187 	5.0 	5.0 	0.0
1188 	5.0 	5.0 	0.0
1189 	5.0 	3.0 	2.0
1190 	2.0 	2.0 	0.0
1191 	5.0 	3.0 	2.0
1192 	5.0 	3.0 	2.0
1193 	1.0 	1.0 	0.0
1194 	4.0 	1.0 	3.0
1195 	5.0 	5.0 	0.0
1196 	1.0 	5.0 	-4.0
1197 	5.0 	1.0 	4.0
1198 	5.0 	3.0 	2.0
1199 	1.0 	3.0 	-2.0
1200 	5.0 	3.0 	2.0
1201 	3.0 	3.0 	0.0
1202 	2.0 	3.0 	-1.0
1203 	5.0 	3.0 	2.0
1204 	4.0 	5.0 	-1.0
1205 	1.0 	2.0 	-1.0
1206 	5.0 	3.0 	2.0
1207 	4.0 	3.0 	1.0
1208 	1.0 	3.0 	-2.0
1209 	5.0 	3.0 	2.0
1210 	5.0 	3.0 	2.0
1211 	3.0 	3.0 	0.0
1212 	5.0 	5.0 	0.0
1213 	5.0 	3.0 	2.0
1214 	1.0 	5.0 	-4.0
1215 	3.0 	2.0 	1.0
1216 	3.0 	2.0 	1.0
1217 	5.0 	3.0 	2.0
1218 	1.0 	1.0 	0.0
1219 	5.0 	3.0 	2.0
1220 	4.0 	2.0 	2.0
1221 	1.0 	1.0 	0.0
1222 	5.0 	5.0 	0.0
1223 	1.0 	3.0 	-2.0
1224 	5.0 	3.0 	2.0
1225 	1.0 	1.0 	0.0
1226 	5.0 	3.0 	2.0
1227 	5.0 	3.0 	2.0
1228 	5.0 	3.0 	2.0
1229 	5.0 	3.0 	2.0
1230 	3.0 	3.0 	0.0
1231 	1.0 	3.0 	-2.0
1232 	5.0 	4.0 	1.0
1233 	5.0 	3.0 	2.0
1234 	5.0 	2.0 	3.0
1235 	5.0 	3.0 	2.0
1236 	5.0 	5.0 	0.0
1237 	2.0 	5.0 	-3.0
1238 	5.0 	5.0 	0.0
1239 	5.0 	5.0 	0.0
1240 	1.0 	1.0 	0.0
1241 	5.0 	3.0 	2.0
1242 	5.0 	3.0 	2.0
1243 	5.0 	5.0 	0.0
1244 	5.0 	1.0 	4.0
1245 	1.0 	2.0 	-1.0
1246 	5.0 	2.0 	3.0
1247 	4.0 	3.0 	1.0
1248 	5.0 	2.0 	3.0
1249 	5.0 	3.0 	2.0
1250 	5.0 	2.0 	3.0
1251 	5.0 	5.0 	0.0
1252 	5.0 	5.0 	0.0
1253 	3.0 	1.0 	2.0
1254 	3.0 	2.0 	1.0
1255 	5.0 	3.0 	2.0
1256 	5.0 	5.0 	0.0
1257 	1.0 	2.0 	-1.0
1258 	5.0 	3.0 	2.0
1259 	5.0 	4.0 	1.0
1260 	5.0 	5.0 	0.0
1261 	5.0 	1.0 	4.0
1262 	5.0 	4.0 	1.0
1263 	5.0 	5.0 	0.0
1264 	5.0 	1.0 	4.0
1265 	5.0 	3.0 	2.0
1266 	2.0 	1.0 	1.0
1267 	4.0 	3.0 	1.0
1268 	5.0 	3.0 	2.0
1269 	5.0 	3.0 	2.0
1270 	1.0 	1.0 	0.0
1271 	2.0 	5.0 	-3.0
1272 	5.0 	4.0 	1.0
1273 	5.0 	1.0 	4.0
1274 	3.0 	1.0 	2.0
1275 	5.0 	5.0 	0.0
1276 	5.0 	2.0 	3.0
1277 	5.0 	2.0 	3.0
1278 	4.0 	3.0 	1.0
1279 	5.0 	3.0 	2.0
1280 	4.0 	5.0 	-1.0
1281 	3.0 	1.0 	2.0
1282 	5.0 	1.0 	4.0
1283 	5.0 	3.0 	2.0
1284 	5.0 	2.0 	3.0
1285 	4.0 	2.0 	2.0
1286 	4.0 	5.0 	-1.0
1287 	5.0 	3.0 	2.0
1288 	4.0 	2.0 	2.0
1289 	5.0 	5.0 	0.0
1290 	5.0 	3.0 	2.0
1291 	1.0 	3.0 	-2.0
1292 	5.0 	5.0 	0.0
1293 	3.0 	2.0 	1.0
1294 	5.0 	2.0 	3.0
1295 	5.0 	2.0 	3.0
1296 	5.0 	5.0 	0.0
1297 	3.0 	3.0 	0.0
1298 	5.0 	1.0 	4.0
1299 	5.0 	5.0 	0.0
1300 	4.0 	2.0 	2.0
1301 	1.0 	5.0 	-4.0
1302 	5.0 	5.0 	0.0
1303 	4.0 	3.0 	1.0
1304 	5.0 	5.0 	0.0
1305 	4.0 	2.0 	2.0
1306 	4.0 	4.0 	0.0
1307 	1.0 	3.0 	-2.0
1308 	5.0 	2.0 	3.0
1309 	5.0 	5.0 	0.0
1310 	5.0 	5.0 	0.0
1311 	3.0 	3.0 	0.0
1312 	5.0 	5.0 	0.0
1313 	5.0 	3.0 	2.0
1314 	5.0 	5.0 	0.0
1315 	5.0 	3.0 	2.0
1316 	1.0 	3.0 	-2.0
1317 	1.0 	5.0 	-4.0
1318 	4.0 	5.0 	-1.0
1319 	1.0 	2.0 	-1.0
1320 	5.0 	2.0 	3.0
1321 	1.0 	2.0 	-1.0
1322 	2.0 	3.0 	-1.0
1323 	4.0 	3.0 	1.0
1324 	5.0 	5.0 	0.0
1325 	5.0 	1.0 	4.0
1326 	4.0 	1.0 	3.0
1327 	3.0 	3.0 	0.0
1328 	1.0 	2.0 	-1.0
1329 	5.0 	2.0 	3.0
1330 	4.0 	3.0 	1.0
1331 	5.0 	5.0 	0.0
1332 	4.0 	3.0 	1.0
1333 	5.0 	3.0 	2.0
1334 	4.0 	5.0 	-1.0
1335 	5.0 	5.0 	0.0
1336 	5.0 	5.0 	0.0
1337 	5.0 	5.0 	0.0
1338 	4.0 	5.0 	-1.0
1339 	1.0 	3.0 	-2.0
1340 	4.0 	4.0 	0.0
1341 	5.0 	1.0 	4.0
1342 	3.0 	3.0 	0.0
1343 	5.0 	2.0 	3.0
1344 	4.0 	3.0 	1.0
1345 	5.0 	3.0 	2.0
1346 	5.0 	5.0 	0.0
1347 	4.0 	3.0 	1.0
1348 	5.0 	3.0 	2.0
1349 	5.0 	5.0 	0.0
1350 	4.0 	3.0 	1.0
1351 	3.0 	1.0 	2.0
1352 	5.0 	4.0 	1.0
1353 	4.0 	3.0 	1.0
1354 	5.0 	5.0 	0.0
1355 	5.0 	5.0 	0.0
1356 	5.0 	3.0 	2.0
1357 	5.0 	3.0 	2.0
1358 	3.0 	5.0 	-2.0
1359 	5.0 	5.0 	0.0
1360 	4.0 	3.0 	1.0
1361 	5.0 	5.0 	0.0
1362 	4.0 	3.0 	1.0
1363 	5.0 	3.0 	2.0
1364 	5.0 	5.0 	0.0
1365 	3.0 	3.0 	0.0
1366 	2.0 	2.0 	0.0
1367 	4.0 	1.0 	3.0
1368 	5.0 	5.0 	0.0
1369 	5.0 	3.0 	2.0
1370 	4.0 	5.0 	-1.0
1371 	5.0 	4.0 	1.0
1372 	4.0 	5.0 	-1.0
1373 	1.0 	4.0 	-3.0
1374 	5.0 	3.0 	2.0
1375 	4.0 	3.0 	1.0
1376 	3.0 	3.0 	0.0
1377 	2.0 	5.0 	-3.0
1378 	4.0 	5.0 	-1.0
1379 	5.0 	5.0 	0.0
1380 	5.0 	5.0 	0.0
1381 	5.0 	5.0 	0.0
1382 	4.0 	2.0 	2.0
1383 	5.0 	3.0 	2.0
1384 	5.0 	5.0 	0.0
1385 	5.0 	3.0 	2.0
1386 	5.0 	1.0 	4.0
1387 	3.0 	5.0 	-2.0
1388 	4.0 	5.0 	-1.0
1389 	5.0 	5.0 	0.0
1390 	3.0 	5.0 	-2.0
1391 	5.0 	2.0 	3.0
1392 	5.0 	2.0 	3.0
1393 	5.0 	3.0 	2.0
1394 	5.0 	2.0 	3.0
1395 	5.0 	5.0 	0.0
1396 	4.0 	5.0 	-1.0
1397 	5.0 	2.0 	3.0
1398 	4.0 	2.0 	2.0
1399 	1.0 	1.0 	0.0
1400 	5.0 	5.0 	0.0
1401 	3.0 	3.0 	0.0
1402 	2.0 	1.0 	1.0
1403 	4.0 	5.0 	-1.0
1404 	5.0 	3.0 	2.0
1405 	4.0 	3.0 	1.0
1406 	5.0 	3.0 	2.0
1407 	3.0 	2.0 	1.0
1408 	5.0 	2.0 	3.0
1409 	5.0 	3.0 	2.0
1410 	4.0 	2.0 	2.0
1411 	1.0 	3.0 	-2.0
1412 	5.0 	3.0 	2.0
1413 	4.0 	3.0 	1.0
1414 	5.0 	3.0 	2.0
1415 	1.0 	2.0 	-1.0
1416 	5.0 	3.0 	2.0
1417 	1.0 	1.0 	0.0
1418 	5.0 	2.0 	3.0
1419 	3.0 	3.0 	0.0
1420 	5.0 	3.0 	2.0
1421 	5.0 	2.0 	3.0
1422 	3.0 	3.0 	0.0
1423 	5.0 	3.0 	2.0
1424 	3.0 	3.0 	0.0
1425 	3.0 	3.0 	0.0
1426 	2.0 	2.0 	0.0
1427 	5.0 	5.0 	0.0
1428 	1.0 	2.0 	-1.0
1429 	5.0 	5.0 	0.0
1430 	5.0 	1.0 	4.0
1431 	5.0 	5.0 	0.0
1432 	4.0 	2.0 	2.0
1433 	3.0 	3.0 	0.0
1434 	4.0 	5.0 	-1.0
1435 	3.0 	3.0 	0.0
1436 	5.0 	3.0 	2.0
1437 	3.0 	3.0 	0.0
1438 	2.0 	3.0 	-1.0
1439 	5.0 	3.0 	2.0
1440 	3.0 	5.0 	-2.0
1441 	5.0 	5.0 	0.0
1442 	5.0 	3.0 	2.0
1443 	4.0 	3.0 	1.0
1444 	3.0 	5.0 	-2.0
1445 	4.0 	3.0 	1.0
1446 	5.0 	1.0 	4.0
1447 	3.0 	5.0 	-2.0
1448 	5.0 	5.0 	0.0
1449 	3.0 	3.0 	0.0
1450 	3.0 	3.0 	0.0
1451 	3.0 	3.0 	0.0
1452 	5.0 	2.0 	3.0
1453 	3.0 	2.0 	1.0
1454 	5.0 	2.0 	3.0
1455 	5.0 	5.0 	0.0
1456 	4.0 	3.0 	1.0
1457 	5.0 	5.0 	0.0
1458 	5.0 	5.0 	0.0
1459 	4.0 	5.0 	-1.0
1460 	5.0 	2.0 	3.0
1461 	3.0 	2.0 	1.0
1462 	4.0 	5.0 	-1.0
1463 	5.0 	5.0 	0.0
1464 	4.0 	3.0 	1.0
1465 	5.0 	3.0 	2.0
1466 	5.0 	3.0 	2.0
1467 	5.0 	1.0 	4.0
1468 	1.0 	1.0 	0.0
1469 	5.0 	5.0 	0.0
1470 	4.0 	5.0 	-1.0
1471 	4.0 	4.0 	0.0
1472 	1.0 	3.0 	-2.0
1473 	1.0 	2.0 	-1.0
1474 	5.0 	3.0 	2.0
1475 	5.0 	3.0 	2.0
1476 	5.0 	3.0 	2.0
1477 	5.0 	3.0 	2.0
1478 	5.0 	1.0 	4.0
1479 	1.0 	1.0 	0.0
1480 	5.0 	5.0 	0.0
1481 	4.0 	3.0 	1.0
1482 	1.0 	3.0 	-2.0
1483 	5.0 	3.0 	2.0
1484 	1.0 	2.0 	-1.0
1485 	5.0 	3.0 	2.0
1486 	5.0 	3.0 	2.0
1487 	5.0 	4.0 	1.0
1488 	5.0 	3.0 	2.0
1489 	5.0 	3.0 	2.0
1490 	5.0 	3.0 	2.0
1491 	1.0 	1.0 	0.0
1492 	5.0 	1.0 	4.0
1493 	5.0 	3.0 	2.0
1494 	5.0 	3.0 	2.0
1495 	5.0 	3.0 	2.0
1496 	5.0 	4.0 	1.0
1497 	4.0 	1.0 	3.0
1498 	5.0 	2.0 	3.0
1499 	4.0 	3.0 	1.0
1500 	1.0 	2.0 	-1.0
1501 	3.0 	3.0 	0.0
1502 	5.0 	2.0 	3.0
1503 	4.0 	3.0 	1.0
1504 	5.0 	3.0 	2.0
1505 	5.0 	4.0 	1.0
1506 	4.0 	5.0 	-1.0
1507 	1.0 	1.0 	0.0
1508 	4.0 	1.0 	3.0
1509 	5.0 	2.0 	3.0
1510 	1.0 	2.0 	-1.0
1511 	3.0 	3.0 	0.0
1512 	4.0 	3.0 	1.0
1513 	4.0 	5.0 	-1.0
1514 	3.0 	3.0 	0.0
1515 	3.0 	3.0 	0.0
1516 	4.0 	5.0 	-1.0
1517 	1.0 	1.0 	0.0
1518 	4.0 	1.0 	3.0
1519 	5.0 	3.0 	2.0
1520 	5.0 	2.0 	3.0
1521 	5.0 	5.0 	0.0
1522 	3.0 	3.0 	0.0
1523 	4.0 	5.0 	-1.0
1524 	3.0 	3.0 	0.0
1525 	3.0 	3.0 	0.0
1526 	4.0 	5.0 	-1.0
1527 	5.0 	5.0 	0.0
1528 	4.0 	5.0 	-1.0
1529 	1.0 	1.0 	0.0
1530 	5.0 	3.0 	2.0
1531 	5.0 	3.0 	2.0
1532 	3.0 	3.0 	0.0
1533 	3.0 	3.0 	0.0
1534 	5.0 	3.0 	2.0
1535 	5.0 	3.0 	2.0
1536 	4.0 	5.0 	-1.0
1537 	5.0 	5.0 	0.0
1538 	5.0 	3.0 	2.0
1539 	5.0 	3.0 	2.0
1540 	5.0 	3.0 	2.0
1541 	4.0 	2.0 	2.0
1542 	3.0 	3.0 	0.0
1543 	1.0 	2.0 	-1.0
1544 	3.0 	3.0 	0.0
1545 	5.0 	3.0 	2.0
1546 	5.0 	3.0 	2.0
1547 	1.0 	1.0 	0.0
1548 	5.0 	3.0 	2.0
1549 	4.0 	2.0 	2.0
1550 	3.0 	3.0 	0.0
1551 	3.0 	2.0 	1.0
1552 	2.0 	3.0 	-1.0
1553 	5.0 	5.0 	0.0
1554 	4.0 	5.0 	-1.0
1555 	1.0 	2.0 	-1.0
1556 	5.0 	3.0 	2.0
1557 	5.0 	1.0 	4.0
1558 	4.0 	2.0 	2.0
1559 	1.0 	1.0 	0.0
1560 	5.0 	3.0 	2.0
1561 	5.0 	2.0 	3.0
1562 	2.0 	3.0 	-1.0
1563 	5.0 	5.0 	0.0
1564 	5.0 	5.0 	0.0
1565 	4.0 	5.0 	-1.0
1566 	4.0 	5.0 	-1.0
1567 	3.0 	1.0 	2.0
1568 	5.0 	1.0 	4.0
1569 	4.0 	2.0 	2.0
1570 	1.0 	1.0 	0.0
1571 	5.0 	3.0 	2.0
1572 	5.0 	4.0 	1.0
1573 	5.0 	3.0 	2.0
1574 	5.0 	3.0 	2.0
1575 	5.0 	2.0 	3.0
1576 	3.0 	1.0 	2.0
1577 	5.0 	1.0 	4.0
1578 	1.0 	1.0 	0.0
1579 	2.0 	3.0 	-1.0
1580 	4.0 	2.0 	2.0
1581 	5.0 	3.0 	2.0
1582 	1.0 	3.0 	-2.0
1583 	5.0 	5.0 	0.0
1584 	5.0 	5.0 	0.0
1585 	4.0 	5.0 	-1.0
1586 	5.0 	4.0 	1.0
1587 	5.0 	3.0 	2.0
1588 	5.0 	3.0 	2.0
1589 	5.0 	2.0 	3.0
1590 	1.0 	1.0 	0.0
1591 	2.0 	3.0 	-1.0
1592 	5.0 	5.0 	0.0
1593 	4.0 	4.0 	0.0
1594 	5.0 	4.0 	1.0
1595 	5.0 	3.0 	2.0
1596 	5.0 	2.0 	3.0
1597 	1.0 	1.0 	0.0
1598 	1.0 	2.0 	-1.0
1599 	4.0 	1.0 	3.0
1600 	5.0 	5.0 	0.0
1601 	5.0 	3.0 	2.0
1602 	5.0 	1.0 	4.0
1603 	4.0 	4.0 	0.0
1604 	1.0 	3.0 	-2.0
1605 	3.0 	4.0 	-1.0
1606 	1.0 	1.0 	0.0
1607 	1.0 	2.0 	-1.0
1608 	4.0 	1.0 	3.0
1609 	5.0 	5.0 	0.0
1610 	5.0 	3.0 	2.0
1611 	5.0 	3.0 	2.0
1612 	1.0 	3.0 	-2.0
1613 	3.0 	4.0 	-1.0
1614 	1.0 	1.0 	0.0
1615 	1.0 	1.0 	0.0
1616 	3.0 	5.0 	-2.0
1617 	3.0 	3.0 	0.0
1618 	1.0 	2.0 	-1.0
1619 	5.0 	2.0 	3.0
1620 	5.0 	5.0 	0.0
1621 	5.0 	3.0 	2.0
1622 	3.0 	5.0 	-2.0
1623 	4.0 	4.0 	0.0
1624 	3.0 	5.0 	-2.0
1625 	1.0 	1.0 	0.0
1626 	1.0 	1.0 	0.0
1627 	3.0 	5.0 	-2.0
1628 	3.0 	3.0 	0.0
1629 	5.0 	2.0 	3.0
1630 	4.0 	4.0 	0.0
1631 	1.0 	2.0 	-1.0
1632 	4.0 	4.0 	0.0
1633 	3.0 	5.0 	-2.0
1634 	2.0 	5.0 	-3.0
1635 	3.0 	5.0 	-2.0
1636 	3.0 	3.0 	0.0
1637 	1.0 	1.0 	0.0
1638 	4.0 	4.0 	0.0
1639 	1.0 	2.0 	-1.0
1640 	5.0 	2.0 	3.0
1641 	5.0 	3.0 	2.0
1642 	4.0 	2.0 	2.0
1643 	5.0 	3.0 	2.0
1644 	1.0 	3.0 	-2.0
1645 	3.0 	5.0 	-2.0
1646 	4.0 	4.0 	0.0
1647 	2.0 	5.0 	-3.0
1648 	1.0 	1.0 	0.0
1649 	4.0 	5.0 	-1.0
1650 	4.0 	4.0 	0.0
1651 	1.0 	3.0 	-2.0
1652 	5.0 	3.0 	2.0
1653 	1.0 	3.0 	-2.0
1654 	5.0 	5.0 	0.0
1655 	2.0 	5.0 	-3.0
1656 	4.0 	3.0 	1.0
1657 	5.0 	3.0 	2.0
1658 	5.0 	2.0 	3.0
1659 	4.0 	5.0 	-1.0
1660 	1.0 	3.0 	-2.0
1661 	4.0 	3.0 	1.0
1662 	5.0 	3.0 	2.0
1663 	4.0 	1.0 	3.0
1664 	1.0 	3.0 	-2.0
1665 	5.0 	5.0 	0.0
1666 	5.0 	5.0 	0.0
1667 	4.0 	3.0 	1.0
1668 	5.0 	5.0 	0.0
1669 	5.0 	3.0 	2.0
1670 	5.0 	2.0 	3.0
1671 	1.0 	5.0 	-4.0
1672 	4.0 	1.0 	3.0
1673 	5.0 	2.0 	3.0
1674 	5.0 	5.0 	0.0
1675 	5.0 	5.0 	0.0
1676 	5.0 	3.0 	2.0
1677 	5.0 	5.0 	0.0
1678 	5.0 	2.0 	3.0
1679 	1.0 	3.0 	-2.0
1680 	5.0 	3.0 	2.0
1681 	1.0 	5.0 	-4.0
1682 	5.0 	2.0 	3.0
1683 	5.0 	5.0 	0.0
1684 	5.0 	3.0 	2.0
1685 	5.0 	5.0 	0.0
1686 	1.0 	3.0 	-2.0
1687 	1.0 	3.0 	-2.0
1688 	3.0 	2.0 	1.0
1689 	5.0 	3.0 	2.0
1690 	1.0 	5.0 	-4.0
1691 	4.0 	3.0 	1.0
1692 	5.0 	2.0 	3.0
1693 	5.0 	5.0 	0.0
1694 	5.0 	3.0 	2.0
1695 	5.0 	5.0 	0.0
1696 	1.0 	3.0 	-2.0
1697 	1.0 	3.0 	-2.0
1698 	3.0 	2.0 	1.0
1699 	5.0 	3.0 	2.0
1700 	1.0 	5.0 	-4.0
1701 	4.0 	3.0 	1.0
1702 	5.0 	1.0 	4.0
1703 	5.0 	3.0 	2.0
1704 	4.0 	3.0 	1.0
1705 	1.0 	3.0 	-2.0
1706 	3.0 	2.0 	1.0
1707 	5.0 	3.0 	2.0
1708 	3.0 	5.0 	-2.0
1709 	5.0 	3.0 	2.0
1710 	4.0 	3.0 	1.0
1711 	4.0 	5.0 	-1.0
1712 	5.0 	1.0 	4.0
1713 	5.0 	3.0 	2.0
1714 	4.0 	3.0 	1.0
1715 	1.0 	3.0 	-2.0
1716 	3.0 	2.0 	1.0
1717 	5.0 	3.0 	2.0
1718 	3.0 	5.0 	-2.0
1719 	5.0 	3.0 	2.0
1720 	4.0 	3.0 	1.0
1721 	4.0 	5.0 	-1.0
1722 	4.0 	5.0 	-1.0
1723 	3.0 	3.0 	0.0
1724 	4.0 	3.0 	1.0
1725 	3.0 	2.0 	1.0
1726 	3.0 	5.0 	-2.0
1727 	3.0 	5.0 	-2.0
1728 	5.0 	3.0 	2.0
1729 	5.0 	2.0 	3.0
1730 	4.0 	3.0 	1.0
1731 	4.0 	5.0 	-1.0
1732 	4.0 	5.0 	-1.0
1733 	3.0 	3.0 	0.0
1734 	4.0 	3.0 	1.0
1735 	3.0 	2.0 	1.0
1736 	3.0 	5.0 	-2.0
1737 	3.0 	5.0 	-2.0
1738 	5.0 	3.0 	2.0
1739 	5.0 	2.0 	3.0
1740 	4.0 	3.0 	1.0
1741 	4.0 	5.0 	-1.0
1742 	4.0 	5.0 	-1.0
1743 	3.0 	3.0 	0.0
1744 	3.0 	2.0 	1.0
1745 	5.0 	3.0 	2.0
1746 	3.0 	5.0 	-2.0
1747 	5.0 	3.0 	2.0
1748 	5.0 	2.0 	3.0
1749 	4.0 	5.0 	-1.0
1750 	5.0 	5.0 	0.0
1751 	1.0 	2.0 	-1.0
